"PIUQ1";"PIUQ2";"PIUQ3";"PIUQ4";"PIUQ5";"PIUQ6";"PIUQ7";"PIUQ8";"PIUQ9";"IDADE";"HORASINTERNET";"PROBINTERNET";"CESDSOMAQUESTOES"
3;4;4;3;2;2;3;2;1;60;6;3;10
3;2;1;2;1;1;2;1;1;59;2;1;15
1;1;1;1;1;1;1;1;1;67;10;1;10
2;3;2;2;2;2;2;1;3;45;12;2;17
3;3;2;3;2;2;3;2;3;36;4;3;10
2;4;3;3;2;1;3;2;1;24;8;2;11
1;2;1;1;1;1;3;1;1;24;6;1;11
4;4;2;3;4;1;3;4;2;29;14;4;18
3;4;3;3;2;3;3;2;2;41;3;3;12
3;2;3;1;1;1;2;1;1;40;4;2;5
2;2;1;1;2;1;2;2;2;35;4;2;8
3;4;4;3;3;4;2;2;5;20;10;3;10
3;4;2;3;2;2;3;4;2;26;7;3;8
1;1;2;1;1;1;2;1;2;56;5;1;3
3;3;2;1;1;1;2;2;1;25;6;2;14
3;4;5;4;3;2;2;2;4;37;5;3;17
3;5;2;4;1;2;2;1;2;42;5;2;14
4;3;4;2;3;1;3;2;1;18;12;3;10
2;2;2;1;2;3;3;2;1;18;7;2;15
3;3;4;3;2;1;3;2;1;27;8;2;19
2;2;1;1;1;1;1;1;1;50;4;2;11
4;3;4;3;1;1;4;2;1;43;8;1;11
3;4;2;3;2;3;1;1;2;26;5;2;10
2;2;2;1;1;1;2;1;1;37;4;1;7
3;3;2;3;2;2;2;2;3;37;7;2;10
3;3;4;4;3;3;4;4;2;38;11;3;10
3;3;2;2;2;1;4;2;1;30;9;2;10
2;1;2;1;1;1;2;3;1;33;3;1;13
1;2;1;2;1;1;1;1;2;24;7;2;3
3;3;2;2;1;1;1;1;1;42;9;3;12
3;4;3;5;3;2;2;2;2;39;16;3;10
1;3;2;2;2;2;3;1;2;43;2;1;7
2;5;5;5;2;4;4;2;1;32;10;1;17
3;3;4;4;1;1;1;1;2;21;10;3;10
3;2;1;2;2;2;2;1;1;39;10;4;10
5;1;3;1;3;1;2;1;4;45;16;1;8
2;2;2;1;1;2;2;1;1;30;5;1;18
2;1;2;1;1;1;2;1;1;37;6;2;9
3;4;4;4;4;4;4;2;5;39;12;4;13
3;3;4;4;3;2;3;3;1;41;3;3;7
3;2;3;2;3;2;5;3;2;24;6;2;5
2;3;1;1;1;1;2;1;1;39;1;2;12
2;2;3;2;1;1;3;1;1;58;2;2;7
2;2;1;1;1;1;3;1;1;57;3;3;19
2;2;2;2;2;2;2;2;2;29;8;2;18
3;4;4;4;4;2;5;4;3;26;8;3;14
4;4;3;4;2;1;2;2;2;30;10;3;15
3;4;4;3;3;2;3;2;3;49;6;3;20
3;5;2;2;1;3;1;1;1;24;4;3;18
3;2;2;1;1;1;2;1;1;41;2;1;8
4;4;2;3;2;2;1;1;2;30;3;3;12
1;1;2;1;1;1;1;1;1;20;3;1;7
4;3;4;4;3;3;3;3;3;32;4;4;12
3;3;2;3;2;1;3;2;2;31;10;2;9
3;4;2;4;2;1;3;3;3;22;4;3;16
2;2;1;1;1;1;2;1;2;55;6;3;10
2;3;2;3;2;1;3;2;2;68;3;2;15
3;4;4;3;4;1;1;2;1;59;5;3;7
4;4;4;4;3;1;5;2;2;64;5;3;13
4;4;5;4;4;3;5;3;2;64;3;2;9
3;3;3;2;1;1;1;1;2;53;20;3;18
2;3;2;2;2;1;2;1;1;25;3;3;8
4;4;3;4;2;4;5;3;2;19;20;4;25
4;4;4;3;2;2;2;2;3;28;5;4;12
4;5;3;4;5;1;5;2;3;18;12;3;18
1;1;1;1;1;1;1;1;1;48;3;2;7
3;3;3;3;2;1;1;1;1;45;10;3;14
2;2;1;2;1;1;1;2;2;52;12;3;9
3;2;3;3;2;1;4;3;2;64;2;1;11
1;1;2;1;1;1;2;1;1;61;1;1;8
1;2;1;1;1;1;1;1;2;62;3;2;8
4;5;3;4;2;2;3;3;1;37;3;4;17
2;3;3;2;3;3;4;3;2;37;6;3;8
2;2;2;2;1;2;2;2;2;55;6;2;15
3;3;3;3;1;1;3;1;1;45;12;3;6
2;1;1;1;1;1;1;1;2;50;2;1;14
2;2;1;1;1;1;1;1;1;54;4;1;NA
4;3;3;3;2;2;3;2;3;38;6;3;8
3;3;4;2;2;2;1;1;3;45;7;2;21
2;2;2;2;2;1;2;1;1;72;2;2;8
1;1;1;1;1;1;1;1;1;51;2;1;15
3;4;3;3;2;2;3;2;3;32;7;3;20
2;2;3;3;3;1;3;3;2;69;2;1;12
2;3;4;3;1;1;3;1;2;24;4;3;12
2;2;3;2;3;1;2;2;2;40;2;2;14
2;2;2;2;1;1;2;2;2;53;10;2;25
4;3;2;2;3;1;2;1;1;58;8;2;9
3;2;2;2;2;2;1;3;2;25;12;2;15
1;3;1;3;1;1;1;1;1;21;3;1;22
1;3;3;2;1;1;3;3;1;49;4;1;13
1;1;2;1;1;1;2;1;1;60;5;2;6
3;3;2;2;2;1;2;2;3;40;10;3;11
2;3;2;1;2;1;3;1;2;64;2;2;6
3;4;4;4;2;2;3;1;1;43;5;3;2
1;1;2;1;3;1;3;1;1;27;5;1;21
2;2;3;2;3;2;2;2;2;32;12;2;8
2;4;4;4;2;3;3;1;3;32;10;4;13
2;1;1;1;2;1;3;1;1;59;5;1;6
1;3;2;3;1;3;2;1;1;39;5;2;6
3;4;5;4;2;1;4;3;4;35;5;2;14
2;1;2;1;1;1;1;1;1;43;1;1;5
3;3;2;2;1;1;2;2;1;32;6;3;9
1;5;1;4;3;1;5;1;3;50;16;3;13
4;4;3;3;2;1;4;2;1;46;12;3;18
3;3;2;3;2;2;2;2;1;48;12;3;13
2;2;2;2;2;1;3;2;2;38;2;1;13
3;3;2;3;3;3;2;2;2;33;6;2;17
3;2;2;2;2;1;3;1;2;40;2;1;17
3;2;4;2;4;1;4;3;1;28;1;1;8
3;4;4;3;2;3;2;1;4;25;6;3;11
4;3;3;3;1;1;2;1;1;29;11;3;21
2;2;1;1;2;2;3;2;1;37;3;1;12
1;3;2;2;2;1;2;1;2;44;4;2;16
4;5;3;5;3;1;4;2;3;24;8;3;17
3;3;2;3;2;2;1;1;1;19;6;2;10
1;1;3;1;1;1;1;1;1;41;6;1;3
2;2;1;1;1;1;2;2;1;35;8;1;9
3;3;3;2;1;1;1;1;1;26;6;1;8
2;4;4;5;4;1;1;1;1;29;8;3;15
1;5;3;3;1;1;1;1;1;25;15;4;6
2;3;1;2;1;2;2;2;1;49;3;4;7
3;4;2;3;2;1;2;1;1;29;6;4;10
2;3;2;1;1;1;4;1;2;60;3;3;4
3;3;2;2;1;1;1;1;2;34;2;1;9
4;2;3;1;1;1;3;1;2;27;15;4;12
4;3;1;3;3;3;3;2;1;33;7;3;NA
4;4;4;4;3;3;4;3;3;37;16;3;10
3;3;2;3;2;1;1;2;1;43;8;3;10
3;2;3;1;1;2;1;1;3;29;9;3;9
3;2;4;2;2;1;3;2;1;32;7;2;6
1;1;3;1;5;1;5;2;1;31;15;3;7
2;1;2;1;1;1;1;1;2;32;4;2;12
2;3;1;1;2;1;2;2;3;40;4;1;9
4;4;3;4;2;4;5;4;4;48;5;4;20
4;5;2;3;3;1;4;1;1;31;14;4;9
2;2;1;1;1;1;1;1;1;56;2;1;4
2;3;1;2;2;2;1;3;2;63;5;1;11
1;3;2;2;2;2;3;1;3;53;14;3;6
3;4;4;3;2;4;1;2;2;19;4;3;9
3;4;3;3;4;3;5;3;3;20;7;3;11
3;3;4;3;3;1;3;1;1;20;10;3;15
1;2;2;2;1;1;1;1;2;40;4;1;10
4;3;4;3;4;1;5;4;2;44;24;1;20
4;2;4;2;2;1;2;2;3;23;7;2;7
3;4;3;2;3;3;3;3;3;24;10;3;17
3;3;2;2;2;2;2;1;2;39;4;1;6
1;2;1;2;1;1;1;1;1;32;1;1;14
1;3;1;2;1;1;1;1;1;38;5;2;10
1;2;2;1;1;1;1;1;1;57;2;2;6
2;3;1;3;1;1;1;1;3;33;7;2;10
2;2;2;2;3;1;1;1;1;45;3;2;4
3;4;3;4;4;2;3;4;2;24;6;2;12
2;2;2;3;3;1;2;3;2;42;6;2;3
3;2;3;3;2;2;1;1;2;65;5;2;9
1;3;3;3;2;1;3;3;3;61;4;3;12
3;2;4;1;3;1;3;5;1;28;24;4;16
3;3;3;3;3;3;3;3;3;53;10;3;19
1;2;2;2;1;1;2;1;1;31;3;1;8
1;2;1;1;1;1;1;1;3;43;8;2;20
3;4;3;3;1;3;3;3;2;65;4;2;6
3;3;2;2;1;1;3;1;1;42;4;2;21
2;2;2;2;1;2;2;1;2;67;2;3;6
1;2;1;1;1;1;1;1;1;39;4;1;13
3;5;4;5;3;1;1;4;1;26;11;4;28
3;2;2;2;1;2;3;2;1;21;8;4;26
1;1;1;1;3;1;4;1;1;31;5;2;NA
4;5;3;4;1;4;2;2;1;28;3;3;15
4;4;4;4;2;3;3;3;2;53;8;3;11
1;1;1;1;1;1;3;1;1;55;1;1;7
3;4;1;3;3;1;3;3;2;31;4;3;9
1;2;2;2;1;1;1;1;1;38;2;1;13
2;2;3;2;1;1;1;1;1;39;6;2;6
1;2;1;2;1;2;1;1;2;48;3;2;9
2;4;3;3;1;1;2;1;1;30;14;2;15
3;3;2;3;1;1;3;2;2;22;13;2;13
3;2;2;2;1;1;3;1;2;45;2;2;13
3;4;3;2;1;1;1;1;1;30;12;4;18
2;2;2;2;2;1;2;1;1;54;2;2;12
2;2;1;1;2;1;2;1;1;52;4;1;8
4;4;3;4;2;2;3;2;4;34;5;4;13
3;4;3;4;2;2;2;2;2;37;4;3;10
4;5;3;5;2;2;2;1;1;29;8;3;21
3;4;3;3;2;1;3;1;3;38;4;2;9
1;1;2;1;1;1;3;1;1;55;6;1;8
4;4;4;3;4;3;3;2;1;70;3;2;17
1;1;1;1;1;1;1;1;1;54;5;1;6
2;3;2;2;3;2;3;1;1;45;3;2;9
2;2;2;1;1;1;1;2;1;28;4;1;9
3;4;4;4;2;1;2;1;4;25;5;3;17
2;2;1;2;1;1;1;1;1;55;2;1;7
3;3;2;3;3;2;2;2;3;39;5;3;20
2;2;2;2;1;1;1;2;2;49;3;2;3
3;4;3;3;2;2;2;3;3;19;7;3;11
2;3;1;3;1;1;1;1;3;40;3;1;11
2;2;2;2;2;1;3;2;1;64;3;2;NA
2;3;2;2;1;1;2;1;2;52;6;2;9
2;1;2;1;1;1;2;1;1;60;1;2;10
3;4;4;4;3;3;3;3;3;42;8;3;7
4;5;4;3;2;3;2;2;2;29;5;4;11
5;3;4;2;5;1;5;5;5;41;18;3;24
3;2;2;3;1;2;1;1;1;30;4;1;9
3;2;1;2;1;1;1;1;1;25;5;3;4
2;2;2;1;1;1;1;1;1;58;17;3;11
1;1;2;1;1;1;1;1;1;62;4;1;6
3;3;1;1;3;1;2;1;1;40;3;1;15
1;1;1;1;1;1;2;1;1;41;10;2;9
4;4;4;4;3;2;5;4;4;45;4;1;21
4;5;3;5;3;5;5;3;4;44;8;3;16
3;2;1;2;1;1;3;2;2;60;4;2;8
1;1;1;1;1;1;1;1;1;66;0;1;14
3;4;1;4;1;3;4;1;2;31;8;2;12
4;2;2;2;2;1;3;1;1;33;14;3;9
1;1;1;NA;1;1;3;1;1;37;5;1;7
4;4;2;4;5;3;2;3;3;25;5;3;13
3;3;3;2;2;1;1;1;2;59;4;2;7
3;3;4;3;5;3;5;5;2;21;4;4;18
4;4;3;4;5;5;5;5;4;36;4;3;9
3;3;3;3;4;2;4;4;3;24;9;3;17
3;4;4;3;2;1;2;1;2;NA;4;3;13
2;2;2;3;1;1;1;2;1;28;4;2;8
2;3;5;2;1;3;1;1;3;36;16;2;14
2;1;2;1;1;1;1;1;1;67;1;1;7
1;1;1;1;1;1;2;1;1;56;2;1;7
3;2;2;1;1;1;3;1;3;63;4;1;10
4;5;3;2;2;3;3;1;2;25;8;4;11
4;4;2;5;3;1;3;3;1;39;6;4;20
2;2;3;3;1;2;2;1;2;61;2;1;12
3;3;5;4;2;1;2;4;3;18;20;4;17
2;3;1;2;1;1;1;1;2;42;2;1;6
3;2;3;2;2;1;3;2;1;34;12;2;13
4;4;3;5;3;3;4;2;2;28;8;3;15
3;3;4;3;3;3;2;3;3;61;3;3;18
2;4;2;4;2;1;4;2;2;34;3;3;6
3;4;4;4;4;4;3;3;3;28;16;4;12
2;2;3;2;1;1;2;2;1;50;1;1;7
5;4;2;3;3;2;5;5;2;30;10;4;9
2;3;5;5;1;1;3;1;1;42;3;1;13
1;1;2;1;1;1;1;1;1;30;2;1;7
2;1;2;1;1;1;3;1;1;29;5;1;20
4;4;4;4;3;3;4;3;4;38;6;2;6
3;5;2;5;1;1;2;1;1;24;12;4;24
1;1;1;1;1;1;1;1;1;NA;1;1;6
1;2;1;1;1;1;3;1;2;40;2;2;7
4;5;2;4;2;2;5;3;3;25;8;4;16
2;1;2;1;2;1;2;2;1;42;6;1;11
2;2;1;1;1;1;2;1;1;58;3;2;11
3;2;4;2;3;1;5;4;3;24;4;2;10
2;4;1;2;2;1;2;1;1;32;6;3;8
2;2;2;1;3;2;3;1;3;NA;7;2;8
2;1;2;1;3;1;2;1;1;50;2;1;14
2;3;2;3;2;2;3;2;2;39;4;2;11
4;5;4;4;2;5;5;3;3;44;7;4;16
2;2;2;2;2;2;2;2;2;47;5;2;6
2;3;3;3;4;1;5;2;3;50;2;2;14
3;3;1;2;1;1;1;1;1;38;4;2;10
2;4;4;4;3;3;3;3;2;61;5;3;12
3;4;4;4;3;3;2;2;3;61;5;3;12
2;3;1;2;3;1;4;1;1;34;8;2;5
2;2;1;2;2;1;3;1;2;21;5;2;7
3;3;1;2;1;2;3;1;3;34;7;3;9
3;3;3;3;1;1;1;1;3;52;3;2;18
4;3;4;2;3;2;3;2;3;43;2;2;11
4;4;3;3;1;1;1;1;4;21;6;3;12
4;3;3;2;4;1;4;4;2;31;14;3;14
2;4;3;4;2;2;2;2;2;62;10;3;16
3;3;3;3;2;1;3;2;1;20;3;2;15
3;4;3;4;2;1;2;2;1;20;5;2;24
3;3;2;3;3;3;3;3;3;57;9;3;10
2;1;2;1;1;2;1;4;3;18;12;2;18
3;3;3;3;3;3;3;3;3;49;7;1;6
1;3;1;2;1;1;1;1;1;36;4;2;6
3;2;4;3;2;1;2;1;1;55;4;1;15
4;4;2;3;3;4;3;3;4;62;9;1;12
3;4;3;4;3;1;4;3;1;63;8;4;15
2;2;2;2;2;2;2;1;2;60;4;2;11
3;1;2;1;1;2;2;2;1;32;4;1;11
3;2;2;2;1;2;2;1;1;42;4;2;12
4;3;3;3;2;2;2;3;2;21;5;3;18
3;3;5;4;2;2;5;2;2;21;5;2;16
1;2;1;2;1;1;1;1;2;53;3;1;NA
3;3;3;2;1;1;1;1;1;49;3;1;8
2;2;4;1;2;1;4;1;2;47;16;4;8
1;1;2;1;2;1;2;1;1;48;7;1;13
2;1;2;1;1;1;1;1;1;69;4;1;5
2;2;1;2;1;1;1;1;1;55;8;1;7
3;4;4;4;2;2;3;3;3;25;10;4;13
2;1;2;1;1;1;4;1;1;24;2;1;10
4;3;2;2;1;2;4;2;1;30;10;2;13
3;3;3;2;1;1;1;1;1;27;14;3;16
3;2;2;1;2;1;2;2;2;35;3;1;11
4;5;3;5;3;2;4;4;2;19;5;4;12
3;5;1;5;4;1;3;1;3;34;5;2;18
2;5;3;5;1;1;1;1;3;19;9;4;20
2;2;2;2;2;1;4;1;2;40;2;1;9
3;4;3;4;3;3;3;2;4;26;4;4;10
1;1;3;1;1;1;1;1;1;29;6;1;18
4;3;4;3;2;2;2;2;1;22;6;3;15
3;3;3;3;2;3;3;2;4;36;3;3;7
4;5;3;4;4;3;4;3;4;35;8;3;16
3;4;3;4;3;2;4;3;3;22;9;2;21
3;3;2;2;2;2;2;1;3;52;3;2;9
1;3;2;2;1;1;1;1;2;42;8;1;8
1;2;2;2;1;2;4;2;1;45;2;1;13
3;2;3;2;1;1;1;2;4;19;7;2;17
3;2;2;2;3;1;3;4;2;25;16;3;9
4;5;3;5;4;3;2;3;1;24;5;2;15
3;NA;1;4;3;2;3;2;1;32;5;3;17
3;5;2;5;3;4;4;2;3;36;9;4;15
2;2;1;1;1;1;1;1;1;34;3;1;7
2;3;1;3;1;1;3;1;2;31;6;2;5
3;3;2;2;2;1;4;2;1;28;9;3;10
2;3;2;4;1;1;3;2;3;19;3;1;8
3;3;3;3;1;1;1;1;1;29;2;2;16
2;2;1;1;1;1;1;1;1;64;1;2;3
3;2;3;2;1;1;2;1;1;21;5;2;7
2;2;2;2;2;1;2;2;1;65;2;2;12
4;3;4;3;3;2;1;3;1;42;8;3;11
1;2;1;2;1;1;1;1;1;21;5;1;6
3;4;2;4;2;1;2;1;3;40;8;4;11
3;3;3;2;2;1;2;3;1;31;8;1;13
3;3;4;4;1;1;1;1;2;47;10;4;7
2;2;2;1;1;1;1;1;1;58;4;2;8
3;4;2;3;2;3;2;2;2;22;10;3;20
3;3;3;3;3;2;3;3;3;40;13;3;22
3;5;3;4;1;3;2;3;1;24;3;3;9
2;2;3;2;3;2;3;3;2;19;1;1;14
1;1;3;2;1;1;1;1;1;38;2;1;12
3;4;3;4;2;1;5;2;3;23;14;4;15
5;2;4;3;4;2;4;4;2;26;18;1;24
2;4;3;3;3;1;4;1;1;19;6;2;12
4;4;4;4;2;3;2;2;3;32;2;1;11
3;4;3;3;2;2;2;1;2;57;3;2;12
2;3;2;3;1;2;1;1;1;28;6;3;14
2;2;3;2;1;1;2;1;1;20;12;2;10
2;3;2;2;1;1;2;1;1;25;4;2;12
3;3;2;2;3;2;3;2;2;36;5;2;11
2;3;1;3;1;1;5;3;3;29;8;3;5
4;3;4;3;1;2;2;1;3;19;2;2;9
2;3;2;4;2;2;3;2;2;32;7;3;14
3;1;3;1;3;1;5;2;1;86;3;1;7
3;2;2;1;1;1;1;1;1;31;7;3;9
4;4;4;4;3;3;5;5;2;18;9;4;23
3;2;2;3;3;1;4;3;3;30;6;3;8
4;3;2;3;1;2;2;1;1;42;5;3;9
4;4;2;5;3;2;2;1;2;32;5;4;16
3;3;2;3;1;1;1;1;2;54;5;2;11
2;3;3;2;2;2;2;2;2;38;5;2;17
1;1;2;1;1;1;1;1;1;31;1;1;7
3;3;3;2;2;1;2;1;2;65;3;2;NA
2;1;3;2;3;1;1;1;2;32;10;2;14
3;4;3;4;3;2;5;3;2;20;6;4;21
2;2;3;2;1;1;4;1;1;18;3;3;10
2;2;2;2;3;2;3;2;2;66;2;2;11
4;3;2;2;3;3;2;2;3;18;9;2;8
2;3;2;2;1;1;1;1;1;63;2;2;10
4;3;2;2;1;1;1;1;1;28;12;2;16
3;2;2;3;1;1;2;1;1;36;3;2;14
2;1;2;1;1;1;1;1;1;34;1;1;7
1;1;2;1;1;1;2;1;1;26;5;2;9
2;2;2;3;3;1;4;2;3;36;4;1;15
4;5;3;3;2;3;3;2;2;28;16;1;8
3;3;3;2;1;1;2;1;1;65;3;1;10
3;2;5;2;1;1;1;1;1;27;6;3;12
3;3;2;3;1;1;2;1;1;54;7;2;12
4;3;4;3;2;2;2;1;3;57;12;3;NA
2;2;3;1;1;2;2;1;2;46;3;2;10
1;1;1;1;1;1;1;1;1;56;2;2;6
3;2;2;2;3;1;3;3;3;41;4;2;18
3;4;4;4;2;2;5;2;2;18;14;3;15
2;3;3;3;1;1;1;NA;1;51;3;2;16
5;3;4;4;3;2;2;3;3;34;10;3;16
2;2;2;1;2;2;2;2;2;51;11;1;6
3;3;1;2;3;1;3;3;1;34;2;3;5
4;3;2;3;2;1;3;3;1;26;9;1;11
3;4;3;3;3;3;3;2;3;25;5;4;21
3;2;2;1;2;1;4;2;2;25;6;2;9
2;4;2;3;2;3;3;3;3;21;8;3;21
3;2;2;2;2;1;1;1;2;29;5;2;3
4;3;2;3;2;2;2;2;3;34;5;3;14
2;2;1;2;1;1;1;1;1;56;1;2;6
2;4;1;3;1;1;1;1;1;38;9;4;14
3;4;2;2;2;3;2;2;1;34;18;3;17
2;2;1;2;1;1;1;1;1;34;4;1;7
1;3;2;3;1;1;3;1;1;42;10;1;11
1;1;1;1;1;1;1;1;2;49;8;1;11
1;3;2;3;2;1;2;1;2;41;21;3;9
2;3;2;3;2;2;3;3;3;43;4;1;16
2;2;3;2;1;1;2;1;1;71;4;1;11
2;1;1;1;1;1;2;2;1;50;4;1;12
4;3;3;4;3;1;3;2;2;54;3;3;8
3;3;2;2;1;1;1;1;2;45;6;2;19
4;3;4;3;3;3;3;2;3;30;12;3;16
1;3;2;3;1;1;1;1;3;NA;12;3;12
3;4;4;4;1;1;1;2;1;28;8;4;13
4;5;4;4;4;1;5;4;1;27;15;3;15
3;3;2;3;2;2;3;2;2;28;6;3;17
2;2;1;1;1;1;1;1;1;57;3;1;6
2;3;3;3;1;2;1;1;2;21;4;3;13
1;2;2;2;1;2;2;2;2;64;6;2;21
2;2;2;2;1;1;1;1;1;41;3;2;6
2;4;2;2;2;3;3;3;2;54;4;3;7
2;1;1;1;1;1;1;1;1;70;3;1;10
2;3;2;2;2;1;2;1;2;55;4;2;20
3;4;5;3;3;1;5;1;1;49;2;1;6
3;3;3;4;1;2;1;1;2;41;5;2;11
2;3;3;3;1;1;1;1;2;60;2;2;5
2;3;3;2;1;1;2;1;1;40;2;2;11
3;3;1;4;2;1;2;1;2;54;4;1;8
1;2;2;1;1;1;1;1;1;31;5;2;6
4;4;4;3;3;4;3;1;3;25;13;2;11
3;3;4;4;1;1;2;2;2;77;2;2;13
4;4;4;3;3;5;4;3;2;65;8;3;11
1;1;1;1;1;1;1;1;1;55;3;1;6
2;3;2;2;2;1;2;2;1;47;3;1;5
3;3;3;3;2;1;4;2;1;37;8;1;7
5;5;4;5;4;5;4;5;5;34;10;4;22
3;3;3;2;1;1;1;1;2;39;7;3;14
2;2;2;2;1;2;2;2;3;54;2;2;8
2;2;2;1;1;1;2;1;1;41;3;1;11
4;4;5;4;4;2;5;3;2;27;6;3;15
3;4;2;3;1;1;1;1;1;36;9;3;9
1;1;1;1;1;1;1;1;1;35;2;1;8
4;4;4;4;4;3;5;3;3;38;5;2;17
2;1;2;1;2;1;3;1;1;28;2;1;13
3;3;2;1;3;2;1;1;3;35;8;2;7
1;1;2;2;1;1;1;1;1;48;5;1;8
3;3;3;4;2;2;2;3;2;25;8;2;7
2;3;3;2;1;1;2;1;1;41;2;1;14
4;5;5;5;5;1;5;5;5;21;12;3;15
1;1;1;1;1;1;2;1;1;42;2;1;10
2;4;3;3;2;1;2;1;1;26;5;2;7
2;1;1;1;1;1;1;1;1;55;9;1;8
2;5;3;5;1;1;2;2;4;20;3;4;14
1;1;1;1;1;1;NA;1;1;57;2;1;10
3;3;3;2;2;2;2;2;1;54;4;2;7
2;5;4;1;1;1;1;1;1;26;10;2;8
3;2;2;2;2;1;1;1;2;51;2;2;7
2;3;3;3;3;2;4;3;2;30;6;2;14
1;2;1;1;1;1;1;1;1;44;2;2;12
3;3;4;2;1;1;1;1;2;21;15;1;8
3;3;3;3;2;2;3;1;3;42;1;2;22
2;3;2;2;2;1;1;1;2;61;3;2;6
3;2;1;1;1;1;1;1;1;43;3;1;9
1;4;3;2;3;1;4;2;1;21;6;3;15
3;3;2;2;1;1;2;1;1;50;7;2;6
3;3;3;2;2;2;3;1;2;27;6;2;13
2;2;3;3;1;2;1;1;2;30;7;2;13
2;4;2;4;2;1;2;1;2;18;11;3;6
2;2;3;2;1;1;2;2;2;18;8;3;12
4;3;2;3;3;1;3;2;2;29;5;2;19
3;4;2;2;3;2;3;3;3;28;14;3;12
4;5;4;5;3;3;3;1;3;31;10;3;10
2;3;2;2;1;2;2;1;1;19;7;1;9
1;1;3;1;1;1;3;1;1;27;8;1;10
3;5;4;2;1;3;4;3;3;21;7;4;10
1;3;2;3;2;1;3;2;1;34;6;3;9
3;2;2;1;1;1;3;1;1;41;3;1;5
3;3;2;3;2;2;2;1;2;37;5;2;7
3;3;4;4;1;1;4;4;4;22;8;3;9
4;4;3;3;2;1;2;1;3;69;4;2;11
2;3;2;3;2;2;2;2;2;19;14;3;15
4;4;3;4;1;3;2;1;2;28;6;2;9
3;3;3;3;3;2;4;3;1;19;4;2;15
4;4;3;4;3;3;4;3;3;27;6;4;15
1;1;2;1;1;1;1;1;1;55;3;1;9
2;3;2;2;2;1;1;1;1;18;5;2;12
3;2;1;1;2;1;2;1;1;24;4;2;NA
1;4;1;3;1;1;1;1;2;48;4;1;5
4;4;3;4;3;4;5;4;3;23;12;2;19
1;1;1;1;1;1;1;1;1;43;8;1;1
4;3;3;5;3;2;4;2;3;33;13;3;16
1;4;2;1;1;1;1;1;2;26;3;1;11
2;3;3;2;1;2;2;1;2;55;4;3;8
2;4;3;3;2;1;1;1;2;26;12;4;10
3;4;3;3;3;2;5;3;3;33;10;3;16
5;5;5;5;5;1;5;5;3;18;15;4;17
2;3;2;1;1;1;1;1;1;35;14;2;17
2;3;2;2;3;3;3;2;3;40;3;3;14
2;3;3;2;2;2;3;1;3;29;6;4;10
3;2;3;2;2;1;2;2;1;26;5;2;12
3;2;3;2;2;2;2;1;2;41;4;2;12
3;4;4;4;4;4;3;3;3;37;2;2;16
3;3;3;3;3;2;2;2;2;26;4;2;14
3;4;2;3;3;1;2;2;1;45;3;3;10
2;3;2;2;2;1;2;2;2;45;3;2;9
3;5;3;5;4;3;5;3;2;35;7;4;14
1;1;1;1;1;1;2;1;1;44;1;1;13
1;1;1;1;1;1;1;1;1;48;6;2;NA
3;4;2;3;2;1;2;2;3;22;3;3;17
2;2;1;1;1;1;2;2;1;43;1;1;8
2;3;2;3;1;1;2;1;2;48;5;2;11
3;3;3;3;2;2;2;1;2;27;8;3;8
3;2;2;2;3;2;3;2;2;21;10;2;10
2;1;2;1;1;1;2;1;1;41;3;1;7
4;5;3;5;4;3;2;2;2;22;9;4;16
4;2;5;2;2;1;4;2;3;18;13;1;12
2;2;2;1;1;1;1;1;2;20;5;2;11
3;4;4;4;3;3;5;3;4;54;5;3;8
4;3;5;3;2;1;2;2;1;28;3;3;13
4;3;2;3;3;2;4;2;1;37;12;3;6
3;3;3;3;2;2;2;3;2;39;10;3;12
2;2;1;2;1;1;1;1;1;41;3;1;13
3;4;3;3;2;2;2;2;4;45;10;3;8
2;2;1;1;1;1;1;1;2;35;1;2;11
3;3;3;2;2;2;1;1;2;41;4;3;8
2;3;1;2;1;2;2;2;1;29;5;1;7
4;4;4;4;3;3;4;4;4;53;4;3;13
3;3;2;3;1;2;1;1;1;69;5;3;11
3;2;4;2;1;1;2;2;2;24;5;2;15
2;2;2;2;2;2;2;2;1;67;4;1;5
4;4;3;4;3;2;5;4;1;25;5;3;11
5;2;5;3;2;1;3;3;2;23;18;3;10
3;3;2;3;4;2;4;3;3;40;15;2;4
2;4;3;2;2;2;3;1;4;39;11;4;8
3;3;2;3;2;1;2;1;1;28;5;2;11
3;3;2;2;2;3;2;2;2;53;4;2;16
1;1;5;1;3;1;1;2;1;18;6;1;15
3;4;2;2;1;1;1;1;1;30;5;3;8
2;1;1;1;1;1;1;1;1;45;1;1;7
3;4;5;5;3;3;2;1;5;44;5;3;19
1;1;3;2;1;1;3;1;1;64;1;1;1
1;2;2;2;2;1;2;2;1;47;2;2;11
2;2;2;1;1;1;2;1;1;62;2;1;4
2;1;1;1;1;1;2;1;1;61;3;2;11
3;4;3;3;2;2;2;2;2;19;7;1;13
3;4;5;5;2;2;3;2;3;37;3;1;15
4;4;4;4;2;3;4;2;3;52;4;3;15
1;3;1;2;1;3;3;1;4;41;4;3;8
2;2;1;1;1;1;2;1;2;28;2;2;6
1;1;1;1;1;1;1;1;1;50;10;2;12
3;4;3;4;1;1;1;1;1;38;12;3;12
3;1;2;1;1;1;1;1;1;65;1;2;7
2;2;2;1;1;2;3;1;1;30;10;2;6
4;5;4;4;4;4;4;3;3;33;6;3;16
2;3;3;3;2;2;3;2;2;34;5;3;10
4;5;5;5;3;3;3;3;2;28;8;4;15
4;4;4;4;2;1;1;1;1;46;8;3;11
2;4;4;3;3;1;3;1;1;34;12;2;13
3;3;3;3;2;1;1;1;2;38;4;2;8
4;2;1;1;4;1;1;2;1;23;10;1;14
3;3;2;2;2;3;3;2;3;44;6;3;10
3;3;1;2;2;1;4;1;1;37;7;3;8
2;2;2;2;1;1;3;1;1;26;3;2;8
2;1;2;1;1;1;1;1;1;26;4;1;10
2;2;2;2;2;1;2;1;1;27;6;1;14
2;1;2;2;1;1;2;1;1;43;6;1;16
3;3;2;2;1;1;4;2;2;48;6;2;9
3;3;2;3;2;1;2;2;2;46;2;2;15
2;3;3;3;2;2;3;2;2;35;5;2;5
2;2;1;1;1;1;2;1;1;50;6;1;8
3;3;2;2;1;1;1;1;2;32;8;2;16
4;5;4;5;3;5;3;4;5;30;6;4;18
2;3;2;3;1;1;2;2;1;40;4;2;6
5;5;2;5;1;1;1;1;2;30;16;4;8
2;3;1;4;1;2;3;1;1;19;3;3;23
2;2;3;2;2;2;2;1;2;59;3;2;8
3;3;4;2;1;1;1;1;1;36;12;3;10
3;3;4;4;2;2;2;2;2;36;8;3;7
1;1;1;1;1;1;1;2;1;24;10;1;10
2;2;2;2;1;2;1;1;1;55;4;2;6
2;3;3;2;1;1;3;1;3;60;1;1;6
1;2;1;1;1;1;1;1;1;34;8;1;9
2;1;3;1;1;1;1;1;1;34;3;1;21
2;3;2;2;2;1;1;2;NA;31;5;2;8
2;4;1;2;2;1;2;1;2;22;5;2;18
4;5;4;3;2;3;3;1;3;61;6;3;5
4;3;2;4;1;1;1;1;1;35;10;2;11
1;1;2;2;1;1;2;1;1;56;1;1;7
2;3;3;3;2;3;2;2;2;55;4;2;8
3;2;2;2;2;1;3;2;2;39;4;2;14
3;2;2;2;2;1;3;1;2;23;6;2;14
1;1;1;1;1;1;1;1;1;63;1;1;5
2;2;2;2;2;1;1;1;1;66;3;1;9
4;4;3;1;1;1;1;1;2;49;5;1;12
1;1;1;1;1;1;1;1;1;57;1;1;9
3;2;4;2;1;1;2;1;1;33;5;1;13
3;2;1;2;1;1;1;1;2;41;6;1;8
4;4;4;4;2;2;2;2;1;29;5;4;5
3;2;3;3;2;3;2;3;2;65;5;2;14
1;5;2;5;3;1;5;2;2;30;14;4;15
4;5;4;5;1;3;1;1;4;36;6;4;10
3;4;4;4;1;1;2;2;2;23;15;4;17
3;4;4;3;1;1;2;1;2;43;3;3;10
1;1;1;1;1;1;1;3;1;55;8;3;12
3;3;2;3;3;2;3;1;2;32;4;3;7
1;1;1;1;1;1;1;1;1;24;12;4;29
2;1;2;2;2;1;3;1;1;63;8;1;9
3;2;2;2;2;1;2;2;3;25;11;2;15
3;3;3;3;3;1;4;4;2;40;4;2;11
2;1;1;1;1;1;1;1;1;55;3;4;10
4;4;4;2;1;1;1;1;1;20;11;3;20
3;3;2;2;2;2;2;2;3;48;4;1;10
2;1;3;1;1;1;1;1;1;56;2;1;6
1;1;2;1;2;1;2;1;1;53;3;1;6
4;4;5;5;1;1;1;2;1;34;14;4;12
3;4;3;3;2;2;2;3;3;24;9;3;12
1;2;1;2;1;1;1;1;1;37;7;2;10
2;3;1;3;1;1;1;1;1;37;4;2;9
4;2;3;1;1;1;3;2;1;24;5;1;7
4;5;4;5;1;1;1;1;2;18;12;4;16
2;3;3;5;2;1;2;2;1;22;4;4;NA
4;5;4;4;2;3;4;4;2;20;5;3;19
2;3;1;1;1;1;1;1;1;33;2;1;6
3;3;3;3;3;2;3;2;2;40;2;2;7
3;2;3;2;2;2;2;2;2;35;2;1;12
3;4;3;3;2;2;2;2;3;39;4;2;7
1;1;1;1;1;1;1;1;1;37;4;1;9
1;1;1;1;1;1;1;1;1;61;3;1;6
1;1;1;1;1;1;1;1;1;61;2;1;5
4;4;4;4;1;3;2;1;4;62;3;3;19
1;2;1;1;1;1;1;1;1;60;3;2;8
1;1;1;1;1;1;1;1;1;60;2;1;9
4;3;3;3;3;4;3;3;3;38;4;3;NA
2;1;2;1;1;1;1;1;1;51;2;2;8
2;2;2;2;1;2;2;1;2;51;3;2;7
1;1;1;1;1;1;3;1;2;50;2;1;9
4;4;4;3;5;1;2;3;4;53;10;2;12
1;1;1;1;1;1;1;1;1;37;3;1;7
2;2;3;2;1;1;1;1;1;29;6;2;10
3;3;4;3;2;2;3;1;3;24;10;2;14
4;4;5;4;2;2;3;2;3;28;10;3;7
1;1;3;1;1;1;3;2;1;23;12;1;8
4;4;3;4;3;2;4;4;2;25;4;3;17
3;2;5;3;3;2;4;2;1;23;6;2;15
3;3;2;3;2;2;3;2;2;40;11;3;17
5;3;3;3;1;1;2;3;2;20;8;2;19
3;4;3;5;2;1;1;2;2;57;2;3;15
2;2;3;2;2;2;2;2;3;38;3;2;7
4;4;4;3;2;3;5;4;3;28;2;4;13
4;3;4;4;2;1;1;1;1;26;9;4;11
4;4;3;3;2;1;3;1;2;40;4;2;19
3;1;2;1;2;1;5;1;1;29;9;4;10
4;5;3;4;3;2;5;4;2;22;8;3;23
1;2;1;2;2;1;2;1;2;32;6;2;14
1;3;1;1;1;1;1;1;3;66;4;3;8
1;1;1;1;2;1;3;1;1;20;14;1;13
3;4;3;3;3;2;3;3;4;26;15;3;15
3;4;4;4;2;1;2;2;3;22;4;3;22
2;3;1;2;1;1;2;2;2;40;2;1;12
5;3;2;2;2;1;5;2;3;26;6;3;5
4;4;2;3;2;1;2;2;3;22;9;2;14
2;3;2;2;2;1;2;1;1;67;5;1;6
2;4;2;3;2;1;4;2;1;23;5;2;7
3;3;3;2;1;1;2;1;2;53;4;2;6
5;4;3;4;2;3;5;3;2;38;12;4;7
3;3;3;3;3;2;2;2;2;37;8;2;13
1;3;1;3;1;1;1;2;1;22;14;4;5
3;3;3;2;3;2;1;1;2;48;8;2;11
1;1;1;1;1;1;1;1;1;32;8;1;7
1;2;1;1;1;1;1;1;1;38;3;1;6
3;3;2;2;3;2;5;2;2;32;8;2;20
4;3;5;2;5;1;5;2;1;31;5;4;9
4;4;4;5;3;2;4;3;2;26;5;4;11
2;3;2;2;4;2;4;3;1;24;4;2;14
4;2;2;1;4;4;4;1;4;24;8;1;9
4;3;4;2;2;1;2;1;2;22;7;3;10
3;3;3;2;2;1;2;2;1;66;6;2;10
2;2;2;1;3;1;3;1;2;47;10;3;13
3;3;2;2;2;1;2;1;2;39;3;2;12
3;4;3;3;2;1;3;1;2;42;3;4;6
4;5;2;4;2;2;1;1;1;45;10;4;6
1;1;1;1;1;1;1;1;1;56;5;1;8
4;5;4;5;5;3;4;3;3;35;12;4;11
3;1;1;1;3;1;5;2;3;20;10;1;17
2;3;1;2;1;1;2;1;1;37;5;3;26
1;2;1;1;1;1;1;1;1;50;2;1;7
2;2;2;2;1;1;2;2;1;63;2;1;2
4;5;4;4;3;3;3;3;4;43;4;3;21
1;1;1;1;1;1;2;2;1;21;4;1;13
2;3;3;3;2;1;2;1;2;39;8;2;8
2;3;2;2;1;1;1;1;2;39;3;1;11
3;3;2;2;2;1;5;2;1;44;4;1;10
3;2;1;1;2;1;2;1;1;54;8;2;18
3;4;2;3;2;2;3;2;3;33;6;3;10
2;2;1;2;2;2;2;2;1;41;10;2;17
1;1;1;1;1;1;1;1;1;36;8;1;16
2;2;2;1;1;1;1;1;1;44;4;1;7
3;2;3;2;1;1;1;1;1;54;12;2;11
2;3;1;3;2;2;3;1;2;34;8;2;6
1;2;1;1;1;1;1;1;2;47;1;1;11
2;4;1;4;2;1;2;2;1;34;8;3;8
2;3;2;3;2;1;2;2;2;38;10;4;20
3;3;3;2;1;1;1;1;1;28;3;3;13
2;2;3;2;1;1;1;1;1;60;2;1;NA
1;2;1;2;1;1;1;1;1;52;3;1;21
3;3;4;2;1;1;2;1;3;46;12;3;14
4;4;3;5;3;5;3;3;2;30;10;4;18
1;1;1;1;1;1;1;1;1;54;2;1;9
2;1;3;1;1;1;1;1;1;57;5;2;12
3;4;3;4;2;2;2;2;2;31;3;4;19
4;5;5;5;4;5;5;4;1;52;9;4;25
4;3;4;3;4;2;5;4;1;35;10;4;6
4;4;4;4;3;2;4;3;3;45;6;4;10
3;3;3;1;2;1;4;1;3;53;7;2;7
4;4;4;4;1;4;1;2;2;39;8;3;10
3;2;3;4;3;1;3;2;1;27;9;1;12
3;3;4;3;1;3;2;1;1;62;4;3;6
1;1;1;1;2;1;1;1;2;71;2;1;7
3;2;1;1;2;1;1;1;1;33;12;1;6
1;3;2;2;2;2;2;2;2;65;5;2;5
2;5;4;4;5;4;5;2;3;23;4;3;14
4;4;4;4;1;1;3;2;1;24;16;4;21
3;3;3;2;1;1;1;1;1;37;1;1;6
3;4;3;3;3;3;5;3;4;38;9;3;17
1;3;2;3;1;2;1;1;2;34;1;3;6
3;2;2;2;2;1;2;1;2;39;8;2;8
2;5;1;3;1;1;1;2;1;31;14;4;14
3;3;1;1;1;1;2;2;2;28;8;2;11
3;5;2;2;1;1;2;1;1;37;3;2;7
3;4;1;3;3;2;2;2;3;33;7;2;9
2;4;1;4;1;1;2;2;2;46;6;4;7
3;3;3;3;2;1;2;1;1;46;6;2;8
3;3;1;1;2;1;2;1;1;31;8;3;8
4;4;4;4;4;4;3;3;2;24;4;3;17
1;1;1;1;1;1;1;1;1;58;6;1;2
2;4;2;1;1;1;1;1;2;36;8;2;14
2;3;2;2;2;2;1;1;1;19;8;2;19
4;4;3;3;1;1;2;3;2;50;13;3;18
2;4;2;3;2;1;5;2;2;52;3;3;16
3;2;3;2;2;2;2;2;2;49;10;2;14
3;3;2;2;1;3;2;2;2;46;3;1;9
4;4;4;2;4;1;2;1;1;21;8;3;7
2;3;2;1;2;1;1;1;1;49;1;2;16
2;2;2;2;2;1;3;1;2;39;7;2;12
3;2;2;2;3;1;4;2;2;31;15;3;9
3;1;3;1;2;1;1;1;1;32;2;1;13
1;2;1;2;2;1;4;1;1;57;6;1;7
3;4;4;4;4;4;4;3;3;27;11;3;25
3;2;2;2;3;1;2;1;2;37;4;2;13
3;3;2;2;2;1;2;1;1;46;6;1;11
1;1;1;1;1;1;2;1;1;73;2;1;11
1;5;2;5;3;3;5;3;3;49;12;1;NA
2;2;3;2;1;1;3;1;2;37;5;1;11
2;4;4;4;2;1;2;2;1;66;3;3;6
2;2;3;3;2;NA;2;2;1;67;5;2;18
NA;NA;NA;NA;NA;NA;NA;NA;NA;26;NA;NA;NA
1;1;1;1;2;1;2;1;1;68;1;1;5
1;2;1;1;1;1;1;1;2;40;4;1;NA
4;4;4;4;4;4;4;4;4;31;48;3;NA
NA;NA;NA;NA;NA;NA;NA;NA;NA;33;NA;NA;NA
1;1;1;1;NA;1;1;1;1;47;2;1;NA
NA;NA;NA;NA;NA;NA;NA;NA;NA;44;NA;NA;NA
4;5;3;5;1;3;1;1;3;42;5;4;15
2;1;1;1;1;1;1;1;1;40;3;1;8
2;2;3;1;1;1;2;1;2;39;4;2;6
1;1;1;1;1;1;2;1;2;40;12;2;NA
2;5;2;5;3;4;3;3;3;28;4;3;12
4;2;4;1;1;1;1;1;1;39;12;1;7
1;2;2;1;1;1;2;1;1;57;1;1;NA
3;3;3;2;1;1;3;2;2;23;5;3;NA
NA;NA;NA;NA;NA;NA;NA;NA;NA;50;NA;NA;NA
NA;NA;NA;NA;NA;NA;NA;NA;NA;43;NA;NA;NA
3;3;4;3;3;2;3;3;2;34;5;3;9
NA;NA;NA;NA;NA;NA;NA;NA;NA;21;NA;NA;NA
NA;NA;NA;NA;NA;NA;NA;NA;NA;26;NA;NA;NA
NA;NA;NA;NA;NA;NA;NA;NA;NA;40;NA;NA;NA
3;3;4;4;2;1;1;2;2;55;15;2;NA
NA;NA;NA;NA;NA;NA;NA;NA;NA;19;NA;NA;NA
NA;NA;NA;NA;NA;NA;NA;NA;NA;41;NA;NA;NA
NA;NA;NA;NA;NA;NA;NA;NA;NA;55;NA;NA;NA
2;3;3;3;2;2;2;2;2;21;3;2;15
NA;NA;NA;NA;NA;NA;NA;NA;NA;28;NA;NA;NA
3;2;4;2;3;1;2;1;3;27;3;2;NA
2;2;1;2;1;1;1;1;2;41;5;1;10
2;2;3;1;1;3;1;1;5;53;14;4;10
4;5;4;3;1;1;1;1;2;30;5;4;NA
NA;NA;NA;NA;NA;NA;NA;NA;NA;26;NA;NA;NA
3;4;3;4;2;2;1;2;2;31;6;3;15
NA;NA;NA;NA;NA;NA;NA;NA;NA;54;NA;NA;NA
NA;NA;NA;NA;NA;NA;NA;NA;NA;56;NA;NA;NA
2;3;4;3;2;1;2;2;1;55;12;1;NA
3;3;3;2;3;3;3;3;1;41;7;2;22
NA;NA;NA;NA;NA;NA;NA;NA;NA;74;NA;NA;NA
2;1;2;1;1;2;1;1;2;42;4;2;8
3;3;3;3;3;2;2;3;1;36;7;3;17
4;4;3;2;3;3;2;4;3;42;5;2;11
4;5;4;5;3;3;2;2;4;47;6;4;NA
3;3;1;2;2;3;4;3;2;41;1;2;14
1;3;1;1;1;1;1;1;2;39;7;2;NA
2;3;1;2;2;1;2;2;2;41;5;2;6
NA;3;3;2;2;2;2;2;2;31;4;2;NA
1;1;1;1;1;1;1;1;1;31;5;1;NA
3;3;2;3;3;2;2;3;2;31;6;3;NA
4;5;2;4;2;3;1;2;3;36;5;4;11
3;4;4;4;3;2;2;2;3;39;12;4;17
NA;NA;NA;NA;NA;NA;NA;NA;NA;39;NA;NA;NA
NA;NA;NA;NA;NA;NA;NA;NA;NA;29;NA;NA;NA
NA;NA;NA;NA;NA;NA;NA;NA;NA;28;NA;NA;NA
NA;NA;NA;NA;NA;NA;NA;NA;NA;19;NA;NA;NA
1;1;1;1;1;1;1;1;1;46;3;2;12
3;4;4;4;5;3;5;3;1;26;14;4;7
2;2;1;2;1;1;1;1;1;35;4;2;10
NA;NA;NA;NA;NA;NA;NA;NA;NA;44;NA;NA;NA
NA;NA;NA;NA;NA;NA;NA;NA;NA;40;NA;NA;NA
NA;NA;NA;NA;NA;NA;NA;NA;NA;42;NA;NA;NA
1;3;3;4;1;1;1;1;2;36;10;3;12
3;4;1;3;3;3;3;4;3;27;14;3;12
3;5;2;5;1;3;1;1;3;28;7;3;NA
NA;NA;NA;NA;NA;NA;NA;NA;NA;36;NA;NA;NA
NA;NA;NA;NA;NA;NA;NA;NA;NA;64;NA;NA;NA
2;3;1;2;1;2;3;1;4;39;9;2;NA
1;1;1;1;1;1;1;1;1;65;2;1;14
NA;NA;NA;NA;NA;NA;NA;NA;NA;32;NA;NA;NA
NA;NA;NA;NA;NA;NA;NA;NA;NA;29;NA;NA;NA
2;3;3;2;2;1;3;1;2;57;9;3;8
3;4;3;4;1;2;2;2;1;35;3;3;7
NA;NA;NA;NA;NA;NA;NA;NA;NA;35;NA;NA;NA
2;2;2;2;2;2;2;2;3;64;4;1;NA
NA;NA;NA;NA;NA;NA;NA;NA;NA;24;NA;NA;NA
1;2;1;2;1;1;1;1;1;39;2;1;NA
2;2;2;2;1;1;2;2;2;63;8;2;NA
2;2;2;2;2;1;2;2;3;21;3;2;NA
NA;NA;NA;NA;NA;NA;NA;NA;NA;23;NA;NA;NA
1;1;1;1;1;1;1;1;1;52;24;1;NA
3;3;2;3;2;1;3;3;3;66;8;3;NA
1;1;1;1;1;1;1;1;1;23;2;1;9
NA;NA;NA;NA;NA;NA;NA;NA;NA;62;NA;NA;NA
NA;NA;NA;NA;NA;NA;NA;NA;NA;24;NA;NA;NA
NA;NA;NA;NA;NA;NA;NA;NA;NA;66;NA;NA;NA
1;1;1;1;1;1;1;1;1;54;2;1;8
3;2;2;2;3;1;2;2;3;27;12;2;NA
3;3;2;3;2;2;2;2;2;30;6;2;NA
2;3;3;1;1;2;4;1;3;43;15;4;NA
3;3;3;3;2;3;2;2;2;29;4;2;7
NA;NA;NA;NA;NA;NA;NA;NA;NA;66;NA;NA;NA
NA;NA;NA;NA;NA;NA;NA;NA;NA;NA;NA;NA;NA
3;2;1;2;2;2;2;2;2;60;8;2;NA
4;4;1;4;3;3;3;2;3;NA;6;3;14
3;4;5;3;2;1;4;1;2;22;6;2;9
5;5;3;5;4;3;5;5;1;20;16;3;NA
3;3;4;3;1;1;5;1;1;20;6;2;NA
3;1;1;1;1;1;2;1;1;53;2;1;8
1;1;1;1;2;1;2;1;1;34;11;1;4
4;4;4;4;2;2;2;2;2;29;12;3;NA
NA;NA;NA;NA;NA;NA;NA;NA;NA;37;NA;NA;NA
4;2;2;1;1;1;2;1;2;41;4;2;10
1;3;1;2;1;1;5;2;3;28;6;2;11
1;1;2;1;1;1;1;1;1;64;3;1;6
1;2;1;2;1;1;1;1;2;64;2;1;NA
1;1;3;2;1;1;3;2;1;66;2;1;11
2;2;2;3;2;1;1;2;2;44;4;2;20
NA;NA;NA;NA;NA;NA;NA;NA;NA;45;NA;NA;NA
4;5;4;5;3;3;5;2;2;33;10;4;NA
1;1;1;1;1;1;1;1;1;69;1;1;8
NA;NA;NA;NA;NA;NA;NA;NA;NA;57;NA;NA;NA
NA;NA;NA;NA;NA;NA;NA;NA;NA;21;NA;NA;NA
NA;NA;NA;NA;NA;NA;NA;NA;NA;34;NA;NA;NA
NA;NA;NA;NA;NA;NA;NA;NA;NA;26;NA;NA;NA
3;2;2;2;2;1;2;2;1;30;2;1;10
3;3;4;3;2;1;3;1;3;46;4;3;8
NA;NA;NA;NA;NA;NA;NA;NA;NA;38;NA;NA;NA
3;2;1;1;2;1;2;NA;NA;24;6;2;NA
2;1;2;1;1;1;1;1;1;41;2;1;NA
3;4;2;2;3;1;4;2;1;27;16;3;16
1;1;1;1;1;1;1;1;1;35;1;1;4
NA;NA;NA;NA;NA;NA;NA;NA;NA;30;NA;NA;NA
NA;NA;NA;NA;NA;NA;NA;NA;NA;35;NA;NA;NA
NA;NA;NA;NA;NA;NA;NA;NA;NA;39;NA;NA;NA
2;3;3;3;1;1;1;1;1;26;15;3;10
NA;NA;NA;NA;NA;NA;NA;NA;NA;35;NA;NA;NA
NA;NA;NA;NA;NA;NA;NA;NA;NA;44;NA;NA;NA
1;2;1;2;1;2;1;2;1;40;1;1;7
1;1;3;1;1;1;3;1;1;34;4;2;10
4;3;2;3;2;1;3;2;2;27;3;2;4
NA;NA;NA;NA;NA;NA;NA;NA;NA;35;NA;NA;NA
2;3;2;2;2;2;2;2;2;55;2;1;8
2;2;1;1;1;2;2;1;1;62;2;1;5
NA;NA;NA;NA;NA;NA;NA;NA;NA;46;NA;NA;NA
1;3;3;2;2;1;2;1;1;33;9;3;11
NA;NA;NA;NA;NA;NA;NA;NA;NA;40;NA;NA;NA
2;1;1;1;1;1;1;1;1;30;1;1;NA
2;2;1;2;1;1;2;1;1;36;5;1;9
NA;NA;NA;NA;NA;NA;NA;NA;NA;27;NA;NA;NA
3;3;4;1;2;1;2;1;2;40;8;3;9
NA;NA;NA;NA;NA;NA;NA;NA;NA;NA;NA;NA;NA
3;3;2;2;2;1;1;1;1;49;11;1;13
NA;NA;NA;NA;NA;NA;NA;NA;NA;55;NA;NA;NA
1;1;1;1;1;1;1;1;1;55;1;1;4
2;2;1;2;2;2;2;1;1;26;12;1;8
NA;NA;NA;NA;NA;NA;NA;NA;NA;44;NA;NA;NA
2;2;1;2;1;1;1;1;1;41;3;1;NA
NA;NA;NA;NA;NA;NA;NA;NA;NA;41;NA;NA;NA
2;1;3;2;3;1;3;1;2;18;2;1;NA
2;1;2;1;1;1;1;1;1;53;3;1;8
NA;NA;NA;NA;NA;NA;NA;NA;NA;30;NA;NA;NA
NA;NA;NA;NA;NA;NA;NA;NA;NA;19;NA;NA;NA
NA;NA;NA;NA;NA;NA;NA;NA;NA;40;NA;NA;NA
NA;NA;NA;NA;NA;NA;NA;NA;NA;26;NA;NA;NA
NA;NA;NA;NA;NA;NA;NA;NA;NA;24;NA;NA;NA
3;3;3;3;1;1;1;1;2;50;6;2;9
NA;NA;NA;NA;NA;NA;NA;NA;NA;44;NA;NA;NA
1;3;3;2;1;1;1;1;1;66;1;1;NA
3;5;2;5;1;1;1;1;3;31;4;1;19
2;2;1;3;2;1;3;1;1;52;2;2;NA
1;2;4;2;2;1;2;2;3;19;3;1;12
NA;NA;NA;NA;NA;NA;NA;NA;NA;26;NA;NA;NA
1;1;1;1;1;1;1;1;1;44;8;1;7
4;4;3;4;3;2;3;2;3;34;5;4;21
2;4;2;3;2;3;2;2;3;51;8;1;12
NA;NA;NA;NA;NA;NA;NA;NA;NA;22;NA;NA;NA
NA;NA;NA;NA;NA;NA;NA;NA;NA;28;NA;NA;NA
2;3;1;1;1;1;1;1;1;63;3;1;8
2;1;2;1;1;1;1;1;1;52;2;1;NA
2;3;3;4;4;1;4;3;1;38;8;2;18
4;5;2;5;2;2;2;2;3;49;7;4;NA
1;3;3;1;1;1;1;1;1;46;3;2;NA
NA;NA;NA;NA;NA;NA;NA;NA;NA;63;NA;NA;NA
3;2;2;1;1;1;2;1;2;46;4;1;5
NA;NA;NA;NA;NA;NA;NA;NA;NA;21;NA;NA;NA
3;3;4;4;2;2;3;3;3;48;6;3;NA
3;3;2;2;1;1;2;1;2;36;6;3;14
NA;NA;NA;NA;NA;NA;NA;NA;NA;21;NA;NA;NA
3;3;4;3;1;1;2;1;1;23;8;3;6
1;1;2;1;1;1;1;1;1;47;6;1;NA
3;3;3;1;1;1;1;1;2;30;6;2;8
NA;NA;NA;NA;NA;NA;NA;NA;NA;39;NA;NA;NA
4;3;4;3;2;3;4;2;3;31;5;3;12
2;1;1;2;1;1;1;1;1;30;2;1;NA
NA;NA;NA;NA;NA;NA;NA;NA;NA;46;NA;NA;NA
3;3;2;3;1;3;2;1;1;40;3;2;7
3;4;2;4;1;1;1;1;3;40;4;4;NA
2;4;1;4;2;1;2;1;1;33;3;4;10
4;3;4;4;2;3;2;1;2;56;5;2;10
2;2;2;2;1;1;1;1;1;40;7;2;5
2;4;4;4;1;1;1;1;1;67;2;1;7
4;5;4;4;3;1;4;3;1;33;10;4;NA
NA;NA;NA;NA;NA;NA;NA;NA;NA;22;NA;NA;NA
1;1;1;1;2;1;1;1;1;59;1;1;10
4;1;3;1;2;1;3;1;1;23;16;1;NA
NA;NA;NA;NA;NA;NA;NA;NA;NA;22;NA;NA;NA
2;2;1;2;1;1;1;1;1;50;5;2;6
1;1;1;1;1;1;2;1;2;57;1;1;8
NA;NA;NA;NA;NA;NA;NA;NA;NA;23;NA;NA;NA
1;2;1;2;1;1;1;1;1;56;5;2;NA
NA;NA;NA;NA;NA;NA;NA;NA;NA;NA;NA;NA;NA
NA;NA;NA;NA;NA;NA;NA;NA;NA;19;NA;NA;NA
NA;NA;NA;NA;NA;NA;NA;NA;NA;23;NA;NA;NA
1;1;1;1;1;1;1;1;1;59;2;1;NA
5;5;3;4;1;1;2;2;4;18;6;3;14
3;2;4;2;2;1;2;1;1;24;10;2;NA
NA;NA;NA;NA;NA;NA;NA;NA;NA;18;NA;NA;NA
NA;NA;NA;NA;NA;NA;NA;NA;NA;56;NA;NA;NA
2;3;3;2;2;2;1;1;2;36;5;2;7
1;1;1;1;1;1;1;1;1;43;1;1;NA
NA;NA;NA;NA;NA;NA;NA;NA;NA;27;NA;NA;NA
3;1;3;1;2;1;2;1;1;33;18;1;3
NA;NA;NA;NA;NA;NA;NA;NA;NA;38;NA;NA;NA
NA;NA;NA;NA;NA;NA;NA;NA;NA;44;NA;NA;NA
4;4;4;4;3;4;4;4;4;28;13;1;3
NA;NA;NA;NA;NA;NA;NA;NA;NA;43;NA;NA;NA
3;4;1;4;1;1;1;1;1;30;3;1;7
NA;NA;NA;NA;NA;NA;NA;NA;NA;61;NA;NA;NA
NA;NA;NA;NA;NA;NA;NA;NA;NA;35;NA;NA;NA
1;2;2;2;1;2;3;1;1;39;8;2;9
2;2;4;3;2;2;2;2;2;39;4;2;12
1;1;1;1;1;1;1;1;1;51;1;1;8
NA;NA;NA;NA;NA;NA;NA;NA;NA;22;NA;NA;NA
NA;NA;NA;NA;NA;NA;NA;NA;NA;21;0;NA;NA
2;2;2;1;1;1;1;1;1;35;7;1;18
2;2;1;1;1;1;2;1;1;NA;3;1;17
4;2;1;1;1;2;1;1;2;22;1;1;NA
4;3;4;4;3;1;5;3;1;29;7;3;24
5;4;4;3;3;3;5;3;3;41;6;4;11
NA;NA;NA;NA;NA;NA;NA;NA;NA;38;NA;NA;NA
2;2;3;2;1;3;2;1;2;70;4;1;10
4;4;4;4;4;4;4;3;3;30;10;4;10
4;4;4;5;4;3;3;3;3;19;7;3;NA
2;2;2;2;2;2;2;2;3;49;10;4;11
NA;NA;NA;NA;NA;NA;NA;NA;NA;18;NA;NA;NA
NA;NA;NA;NA;NA;NA;NA;NA;NA;23;NA;NA;NA
2;1;1;2;2;1;2;1;1;59;2;1;NA
2;2;2;2;1;2;2;2;2;44;4;1;NA
2;4;2;3;2;1;1;1;1;63;5;2;NA
3;4;3;3;3;3;2;3;4;38;5;3;11
3;4;4;4;2;2;4;1;1;35;12;4;8
2;2;2;1;1;1;2;1;2;34;3;2;NA
NA;NA;NA;NA;NA;NA;NA;NA;NA;27;NA;NA;NA
3;4;4;3;2;1;2;2;1;58;5;3;9
NA;NA;NA;NA;NA;NA;NA;NA;NA;40;NA;NA;NA
5;4;4;3;5;2;4;3;3;25;10;4;NA
1;3;4;3;2;1;2;2;1;23;4;2;15
3;1;3;NA;1;1;1;1;1;61;8;1;NA
NA;NA;NA;NA;NA;NA;NA;NA;NA;42;NA;NA;NA
NA;NA;NA;NA;NA;NA;NA;NA;NA;33;NA;NA;NA
NA;NA;NA;NA;NA;NA;NA;NA;NA;28;NA;NA;NA
3;3;3;3;3;3;2;2;3;54;8;3;NA
4;3;5;3;2;1;3;2;2;36;5;3;NA
NA;NA;NA;NA;NA;NA;NA;NA;NA;56;NA;NA;NA
1;1;1;1;1;1;1;1;1;30;6;1;NA
NA;NA;NA;NA;NA;NA;NA;NA;NA;53;NA;NA;NA
1;2;4;3;2;2;5;2;3;39;7;1;6
NA;NA;NA;NA;NA;NA;NA;NA;NA;30;NA;NA;NA
NA;NA;NA;NA;NA;NA;NA;NA;NA;42;NA;NA;NA
3;2;2;2;1;1;2;2;1;58;4;1;NA
3;4;2;4;1;1;2;1;1;62;3;3;17
1;2;2;1;1;1;1;1;1;28;3;1;7
1;NA;1;1;1;1;1;1;1;60;3;1;NA
2;2;1;1;1;1;1;1;1;45;4;1;NA
1;2;1;1;1;1;1;1;3;44;1;2;12
3;3;3;3;2;2;3;2;2;27;13;4;12
2;3;2;3;3;1;3;2;2;37;18;4;NA
NA;NA;NA;NA;NA;NA;NA;NA;NA;49;NA;NA;NA
NA;NA;NA;NA;NA;NA;NA;NA;NA;36;NA;NA;NA
4;4;4;4;3;3;3;3;3;49;5;3;NA
1;1;1;1;2;1;1;1;2;58;8;3;NA
NA;NA;NA;NA;NA;NA;NA;NA;NA;24;NA;NA;NA
2;2;2;3;2;1;2;2;2;21;NA;2;15
2;1;3;2;1;1;1;1;1;46;3;1;8
1;2;1;1;2;2;2;2;2;63;6;1;NA
2;3;2;1;1;1;1;1;2;42;5;2;11
NA;NA;NA;NA;NA;NA;NA;NA;NA;24;NA;NA;NA
3;4;4;4;3;4;3;2;2;52;3;3;7
3;3;3;2;2;1;3;2;3;56;3;2;7
2;3;2;2;1;1;1;1;1;48;2;1;15
1;1;2;2;1;1;2;1;2;63;3;1;7
2;2;1;1;1;1;2;1;1;18;3;1;10
2;3;2;2;2;2;4;2;2;32;6;2;7
1;1;1;1;1;1;1;1;1;69;1;1;NA
NA;NA;NA;NA;NA;NA;NA;NA;NA;39;NA;NA;NA
2;1;1;1;1;1;1;1;1;50;1;1;NA
3;4;5;4;2;2;2;1;3;31;16;4;15
2;2;1;1;2;1;1;1;1;51;2;1;11
3;4;3;3;1;3;1;1;3;42;5;3;NA
5;3;3;3;1;1;1;1;1;27;24;2;15
1;2;1;1;1;1;1;1;1;53;1;1;NA
1;5;1;5;1;1;1;1;1;44;4;4;NA
3;3;4;2;2;2;3;2;2;25;6;2;NA
2;2;1;1;1;1;1;1;1;39;5;2;8
3;4;2;2;1;1;3;1;1;25;2;1;4
NA;NA;NA;NA;NA;NA;NA;NA;NA;36;NA;NA;NA
5;5;4;4;2;2;4;4;1;37;14;4;7
NA;NA;NA;NA;NA;NA;NA;NA;NA;38;NA;NA;NA
NA;NA;NA;NA;NA;NA;NA;NA;NA;32;NA;NA;NA
3;3;4;3;2;2;3;1;2;40;10;3;11
2;3;2;3;3;3;3;2;2;35;8;2;NA
NA;NA;NA;NA;NA;NA;NA;NA;NA;51;NA;NA;NA
1;2;2;1;1;1;1;1;1;39;3;1;NA
1;1;1;1;1;1;2;1;1;25;5;2;7
NA;NA;NA;NA;NA;NA;NA;NA;NA;70;NA;NA;NA
2;3;2;3;2;2;2;2;2;37;6;3;NA
2;2;2;1;2;1;2;1;1;59;6;1;16
1;2;2;1;1;1;1;1;1;61;1;1;NA
2;3;1;2;2;2;1;1;2;38;3;2;NA
3;5;2;2;2;3;3;2;4;42;3;4;13
3;2;3;1;1;1;5;2;1;21;12;2;NA
4;4;3;4;3;3;3;3;2;22;8;3;13
3;2;2;2;3;NA;2;1;1;22;15;3;11
2;5;2;4;4;1;5;5;2;42;4;3;NA
NA;NA;NA;NA;NA;NA;NA;NA;NA;30;NA;NA;NA
NA;NA;NA;NA;NA;NA;NA;NA;NA;20;NA;NA;NA
4;4;3;4;4;5;2;2;2;21;15;4;NA
NA;NA;NA;NA;NA;NA;NA;NA;NA;40;NA;NA;NA
NA;NA;NA;NA;NA;NA;NA;NA;NA;33;NA;NA;NA
2;2;1;2;1;1;1;1;1;52;5;1;16
NA;NA;NA;NA;NA;NA;NA;NA;NA;58;NA;NA;NA
NA;NA;NA;NA;NA;NA;NA;NA;NA;18;NA;NA;NA
4;3;2;3;3;1;4;2;2;30;4;3;14
NA;NA;NA;NA;NA;NA;NA;NA;NA;32;NA;NA;NA
3;3;2;3;2;2;2;2;1;24;6;3;NA
2;1;1;1;1;1;2;1;1;65;3;2;5
4;2;3;2;2;1;3;3;2;22;12;4;NA
2;1;1;1;1;1;1;1;1;48;4;1;10
3;2;3;1;2;1;3;3;1;56;10;2;NA
2;1;1;2;1;1;2;1;1;28;4;1;9
NA;NA;NA;NA;NA;NA;NA;NA;NA;23;NA;NA;NA
NA;NA;NA;NA;NA;NA;NA;NA;NA;18;NA;NA;NA
2;2;1;2;1;1;3;1;1;57;1;1;16
5;5;4;4;5;5;5;5;5;24;10;4;NA
3;5;3;5;3;1;4;3;3;NA;6;3;NA
NA;NA;NA;NA;NA;NA;NA;NA;NA;26;NA;NA;NA
1;1;1;1;1;1;1;1;1;46;7;1;NA
3;3;2;3;2;2;4;3;3;52;4;3;13
2;2;1;1;1;1;2;1;2;54;2;2;12
2;2;2;1;1;1;3;2;1;41;5;2;NA
2;1;1;3;2;2;3;1;3;26;7;1;21
3;2;3;3;1;1;1;1;1;63;4;1;6
3;3;3;3;2;3;2;2;3;32;9;4;NA
3;3;1;2;1;1;2;2;1;39;3;1;13
4;4;3;3;3;2;2;3;3;43;5;4;12
NA;NA;NA;NA;NA;NA;NA;NA;NA;29;NA;NA;NA
1;1;1;1;1;1;3;1;1;42;3;1;6
4;4;4;2;1;3;2;2;1;19;9;3;10
3;2;1;1;1;1;3;1;3;51;7;1;NA
2;4;4;3;2;2;3;NA;NA;35;8;2;NA
2;2;3;2;3;2;3;2;2;23;4;2;NA
3;3;2;2;2;2;2;2;2;40;5;3;6
4;3;5;4;3;4;4;3;4;19;13;4;17
NA;NA;NA;NA;NA;NA;NA;NA;NA;58;NA;NA;NA
4;3;4;4;1;3;2;1;3;37;3;3;NA
3;3;1;2;1;1;1;2;2;52;2;2;8
NA;NA;NA;NA;NA;NA;NA;NA;NA;38;NA;NA;NA
3;3;2;2;2;2;2;2;2;34;5;2;NA
NA;NA;NA;NA;NA;NA;NA;NA;NA;36;NA;NA;NA
NA;NA;NA;NA;NA;NA;NA;NA;NA;48;NA;NA;NA
2;3;1;2;1;1;2;1;1;67;8;3;12
3;5;3;3;3;3;4;2;4;44;5;4;NA
1;1;2;1;1;1;1;1;1;22;7;2;8
2;2;3;2;2;2;2;2;2;48;6;2;7
2;2;2;2;2;2;2;2;2;40;4;1;6
3;3;3;3;3;3;3;3;3;49;11;3;NA
2;3;2;3;2;1;1;1;3;34;5;3;NA
NA;NA;NA;NA;NA;NA;NA;NA;NA;33;NA;NA;NA
3;2;2;2;1;1;1;1;1;47;4;1;3
NA;NA;NA;NA;NA;NA;NA;NA;NA;29;NA;NA;NA
2;1;2;1;1;1;3;2;1;29;5;2;NA
3;3;4;3;2;2;3;3;4;32;3;3;21
2;3;3;3;1;1;1;2;2;42;6;1;11
NA;NA;NA;NA;NA;NA;NA;NA;NA;35;NA;NA;NA
3;3;1;3;1;1;1;1;2;39;2;2;NA
4;4;2;4;2;3;3;2;2;32;9;4;21
NA;NA;NA;NA;NA;NA;NA;NA;NA;33;NA;NA;NA
2;3;3;3;1;2;2;3;3;20;6;3;NA
NA;NA;NA;NA;NA;NA;NA;NA;NA;40;NA;NA;NA
3;3;3;2;2;2;2;2;3;46;5;3;10
2;2;1;2;2;1;3;2;1;39;5;3;NA
NA;NA;NA;NA;NA;NA;NA;NA;NA;23;NA;NA;NA
NA;NA;NA;NA;NA;NA;NA;NA;NA;32;NA;NA;NA
4;3;3;3;3;2;2;3;2;39;4;3;NA
1;1;1;1;1;1;1;1;1;41;1;1;5
NA;NA;NA;NA;NA;NA;NA;NA;NA;37;NA;NA;NA
2;3;1;2;1;1;1;1;1;58;1;2;21
NA;NA;NA;NA;NA;NA;NA;NA;NA;39;NA;NA;NA
2;1;1;1;1;1;2;1;1;22;6;1;NA
4;4;3;2;2;3;2;3;1;41;7;3;NA
NA;NA;NA;NA;NA;NA;NA;NA;NA;NA;NA;NA;NA
2;2;4;3;3;2;4;2;3;19;6;2;NA
2;4;1;3;1;1;1;1;3;45;11;3;NA
NA;NA;NA;NA;NA;NA;NA;NA;NA;NA;NA;NA;NA
3;4;3;3;2;3;3;2;1;31;5;3;NA
1;3;2;2;2;1;2;2;2;43;6;2;6
4;3;2;3;1;1;2;1;2;28;3;1;NA
1;1;2;1;1;1;1;1;2;41;7;3;10
4;4;5;5;1;4;1;1;3;30;12;3;NA
NA;NA;NA;NA;NA;NA;NA;NA;NA;24;NA;NA;NA
NA;NA;NA;NA;NA;NA;NA;NA;NA;23;NA;NA;NA
4;5;3;4;3;4;5;3;3;32;8;4;NA
NA;NA;NA;NA;NA;NA;NA;NA;NA;24;7;3;NA
NA;NA;NA;NA;NA;NA;NA;NA;NA;38;NA;NA;NA
4;5;1;4;4;3;5;5;3;31;6;3;12
NA;NA;NA;NA;NA;NA;NA;NA;NA;33;NA;NA;NA
NA;NA;NA;NA;NA;NA;NA;NA;NA;27;NA;NA;NA
NA;NA;NA;NA;NA;NA;NA;NA;NA;40;NA;NA;NA
2;2;1;1;1;1;1;1;1;46;1;1;NA
4;4;4;4;4;4;4;3;3;42;12;4;7
NA;NA;NA;NA;NA;NA;NA;NA;NA;30;NA;NA;NA
1;1;1;1;1;1;1;1;1;35;9;1;0
NA;NA;NA;NA;NA;NA;NA;NA;NA;26;NA;NA;NA
3;2;4;3;2;1;2;1;2;33;6;2;NA
4;4;3;2;2;1;2;2;2;38;8;4;NA
4;3;1;2;1;3;2;1;3;52;3;3;12
3;3;2;2;1;1;2;3;2;46;3;2;NA
2;4;2;2;2;1;2;1;2;37;2;3;6
3;3;3;2;2;3;2;3;2;35;5;4;14
3;4;3;4;2;1;1;1;2;20;3;1;NA
2;1;2;1;2;1;1;2;1;71;1;1;NA
NA;NA;NA;NA;NA;NA;NA;NA;NA;32;NA;NA;NA
2;2;2;2;2;1;1;1;2;52;5;2;17
4;4;3;3;2;2;2;2;1;41;5;2;11
3;3;3;3;2;2;2;1;1;42;6;3;NA
NA;NA;NA;NA;NA;NA;NA;NA;NA;42;NA;NA;NA
3;3;1;1;2;1;2;1;1;72;2;1;11
3;4;3;3;2;2;5;1;2;47;8;3;13
1;1;2;1;1;1;2;1;1;39;4;1;8
3;2;2;1;2;1;2;1;1;65;11;4;9
2;1;2;1;1;1;2;1;1;35;10;2;NA
3;4;3;5;3;3;4;4;3;47;8;3;12
2;2;2;1;1;1;2;1;2;56;3;2;NA
NA;NA;NA;NA;NA;NA;NA;NA;NA;33;NA;NA;NA
2;3;3;3;3;2;2;2;2;43;2;3;NA
NA;NA;NA;NA;NA;NA;NA;NA;NA;44;NA;NA;NA
2;2;1;2;1;1;1;1;1;34;7;2;12
1;5;4;5;4;4;4;4;4;40;1;1;NA
3;5;2;3;1;1;2;2;2;42;3;3;6
NA;NA;NA;NA;NA;NA;NA;NA;NA;32;NA;NA;NA
3;3;2;3;3;1;3;3;2;48;8;2;NA
2;2;1;1;1;1;1;1;1;40;2;1;11
1;4;3;4;2;1;2;3;3;43;4;3;NA
1;1;2;1;2;1;5;1;1;56;12;1;6
1;2;2;1;1;1;2;1;1;39;3;2;NA
NA;NA;NA;NA;NA;NA;NA;NA;NA;56;NA;NA;NA
NA;NA;NA;NA;NA;NA;NA;NA;NA;36;NA;NA;NA
NA;NA;NA;NA;NA;NA;NA;NA;NA;44;NA;NA;NA
NA;NA;NA;NA;NA;NA;NA;NA;NA;20;NA;NA;NA
2;3;3;3;3;1;2;2;2;52;12;3;15
NA;NA;NA;NA;NA;NA;NA;NA;NA;60;NA;NA;NA
3;3;3;2;2;2;3;1;1;31;4;3;20
2;2;3;2;2;2;2;2;2;38;8;1;9
3;5;5;5;2;1;5;1;3;20;8;4;16
3;4;2;4;2;2;2;2;2;26;10;4;10
NA;NA;NA;NA;NA;NA;NA;NA;NA;40;NA;NA;NA
3;4;3;4;3;3;5;3;2;42;7;3;10
NA;NA;NA;NA;NA;NA;NA;NA;NA;37;NA;NA;NA
1;1;1;1;1;1;2;1;1;27;2;1;NA
2;2;2;1;1;1;2;1;1;45;1;2;9
3;2;2;2;1;1;2;1;2;34;3;1;NA
2;1;1;1;1;1;1;1;5;23;19;4;14
NA;NA;NA;NA;NA;NA;NA;NA;NA;38;NA;NA;NA
3;2;2;1;1;1;3;1;3;25;14;4;5
1;1;1;1;1;1;1;1;1;42;6;1;11
2;2;1;1;1;1;2;1;1;37;3;1;16
2;2;2;2;2;2;2;2;2;60;4;2;NA
3;2;2;2;1;1;1;1;3;46;4;1;NA
NA;NA;NA;NA;NA;NA;NA;NA;NA;23;NA;NA;NA
2;3;2;2;2;2;2;3;1;38;12;2;NA
NA;NA;NA;NA;NA;NA;NA;NA;NA;55;NA;NA;NA
2;2;2;2;1;1;1;1;2;38;3;2;10
1;1;3;1;1;1;2;1;1;28;2;1;12
NA;NA;NA;NA;NA;NA;NA;NA;NA;47;NA;NA;NA
2;3;1;3;1;1;1;1;2;44;4;1;NA
1;3;4;3;2;3;2;2;2;36;4;3;14
1;1;1;1;1;1;1;1;1;58;1;1;1
1;1;1;1;1;1;NA;1;1;64;NA;1;NA
2;4;2;4;1;2;3;2;3;40;3;1;NA
NA;NA;NA;NA;NA;NA;NA;NA;NA;23;NA;NA;NA
NA;NA;NA;NA;NA;NA;NA;NA;NA;26;NA;NA;NA
NA;NA;NA;NA;NA;NA;NA;NA;NA;21;NA;NA;NA
2;2;4;2;1;1;1;1;2;18;9;3;NA
3;4;3;3;2;3;3;1;3;44;5;4;NA
4;3;4;3;2;1;4;3;3;36;3;2;8
NA;NA;NA;NA;NA;NA;NA;NA;NA;47;NA;NA;NA
NA;NA;NA;NA;NA;NA;NA;NA;NA;21;NA;NA;NA
NA;NA;NA;NA;NA;NA;NA;NA;NA;30;NA;NA;NA
NA;NA;NA;NA;NA;NA;NA;NA;NA;24;NA;NA;NA
3;3;4;3;2;1;5;2;2;40;4;3;NA
NA;NA;NA;NA;NA;NA;NA;NA;NA;36;NA;NA;NA
2;2;2;1;1;1;1;1;1;49;6;4;NA
NA;NA;NA;NA;NA;NA;NA;NA;NA;20;NA;NA;NA
3;4;3;3;2;3;2;2;3;34;6;3;NA
NA;NA;NA;NA;NA;NA;NA;NA;NA;26;NA;NA;NA
NA;NA;NA;NA;NA;NA;NA;NA;NA;19;NA;NA;NA
NA;NA;NA;NA;NA;NA;NA;NA;NA;36;NA;NA;NA
NA;NA;NA;NA;NA;NA;NA;NA;NA;22;NA;NA;NA
NA;NA;NA;NA;NA;NA;NA;NA;NA;57;NA;NA;NA
NA;NA;NA;NA;NA;NA;NA;NA;NA;40;NA;NA;NA
2;2;3;3;2;1;2;1;1;43;4;1;14
NA;NA;NA;NA;NA;NA;NA;NA;NA;21;NA;NA;NA
1;1;1;1;1;1;1;1;1;51;3;1;NA
NA;NA;NA;NA;NA;NA;NA;NA;NA;21;NA;NA;NA
NA;NA;NA;NA;NA;NA;NA;NA;NA;36;NA;NA;NA
NA;NA;NA;NA;NA;NA;NA;NA;NA;78;NA;NA;NA
NA;NA;NA;NA;NA;NA;NA;NA;NA;61;NA;NA;NA
1;2;1;1;2;1;3;1;1;48;5;1;3
3;4;4;3;3;3;3;3;3;29;12;3;13
NA;NA;NA;NA;NA;NA;NA;NA;NA;27;NA;NA;NA
2;2;2;4;1;1;1;1;2;55;2;1;NA
NA;NA;NA;NA;NA;NA;NA;NA;NA;28;NA;NA;NA
NA;NA;NA;NA;NA;NA;NA;NA;NA;64;NA;NA;NA
NA;NA;NA;NA;NA;NA;NA;NA;NA;27;NA;NA;NA
NA;NA;NA;NA;NA;NA;NA;NA;NA;19;3;NA;NA
2;3;1;2;1;1;2;1;2;43;6;2;7
NA;NA;NA;NA;NA;NA;NA;NA;NA;19;NA;NA;NA
2;2;1;1;1;1;1;1;1;32;3;1;11
2;3;2;2;1;2;2;2;2;41;2;2;15
3;3;4;1;1;1;4;3;1;18;7;2;NA
1;2;3;2;1;1;1;1;1;53;1;2;6
2;3;2;3;2;1;2;1;2;41;4;3;9
4;3;3;3;2;1;2;1;2;39;3;2;NA
NA;NA;NA;NA;NA;NA;NA;NA;NA;39;NA;NA;NA
NA;NA;NA;NA;NA;NA;NA;NA;NA;53;NA;NA;NA
3;2;3;3;2;1;4;2;3;36;8;1;NA
3;3;2;4;2;1;1;1;1;31;4;2;9
NA;NA;NA;NA;NA;NA;NA;NA;NA;28;NA;NA;NA
3;4;3;4;2;3;2;2;2;42;4;3;20
NA;NA;NA;NA;NA;NA;NA;NA;NA;42;5;2;NA
NA;NA;NA;NA;NA;NA;NA;NA;NA;18;NA;NA;NA
3;3;3;4;2;2;3;3;3;22;6;3;19
NA;NA;NA;NA;NA;NA;NA;NA;NA;56;NA;NA;NA
NA;NA;NA;NA;NA;NA;NA;NA;NA;18;NA;NA;NA
2;3;2;2;1;1;1;1;1;27;8;3;8
3;4;2;3;2;3;2;1;3;35;3;3;NA
4;5;4;5;4;5;5;3;4;26;14;4;21
2;4;4;4;1;2;1;1;2;39;4;3;10
3;4;2;3;3;2;3;2;3;29;14;3;16
NA;NA;NA;NA;NA;NA;NA;NA;NA;38;NA;NA;NA
3;4;2;3;3;1;2;1;2;36;3;3;13
NA;NA;NA;NA;NA;NA;NA;NA;NA;22;NA;NA;NA
3;2;3;3;2;1;3;2;1;64;3;2;12
3;2;2;1;1;1;2;1;1;25;6;1;NA
NA;NA;NA;NA;NA;NA;NA;NA;NA;46;NA;NA;NA
2;1;2;1;2;1;3;1;1;31;6;2;NA
2;3;2;2;2;1;2;2;2;36;3;2;12
2;3;3;3;2;1;1;2;2;24;12;3;NA
NA;NA;NA;NA;NA;NA;NA;NA;NA;25;NA;NA;NA
3;3;4;4;2;1;2;2;2;55;1;2;NA
NA;NA;NA;NA;NA;NA;NA;NA;NA;35;NA;NA;NA
NA;NA;NA;NA;NA;NA;NA;NA;NA;42;NA;NA;NA
NA;NA;NA;NA;NA;NA;NA;NA;NA;61;NA;NA;NA
NA;NA;NA;NA;NA;NA;NA;NA;NA;44;NA;NA;NA
2;3;2;1;1;1;2;1;1;36;10;2;NA
4;4;2;4;1;1;2;2;1;34;8;3;8
3;3;3;2;2;1;1;1;2;47;15;2;14
2;3;1;1;1;1;1;1;1;50;4;2;6
2;1;1;1;1;1;1;1;1;49;3;1;6
4;4;4;3;2;1;2;1;1;63;5;3;9
NA;NA;NA;NA;NA;NA;NA;NA;NA;41;NA;NA;NA
NA;NA;NA;NA;NA;NA;NA;NA;NA;42;NA;NA;NA
4;2;1;3;1;1;2;1;2;51;8;3;NA
NA;NA;NA;NA;NA;NA;NA;NA;NA;55;NA;NA;NA
2;2;2;2;2;2;2;2;2;44;8;3;4
1;2;2;2;1;1;1;1;1;54;1;2;11
NA;NA;NA;NA;NA;NA;NA;NA;NA;35;NA;NA;NA
3;2;4;3;1;1;1;1;1;28;10;1;11
2;2;3;2;1;1;2;2;1;33;2;2;4
2;4;4;4;4;1;4;1;1;40;2;3;6
NA;NA;NA;NA;NA;NA;NA;NA;NA;40;NA;NA;NA
1;1;1;1;1;1;1;1;1;50;3;1;10
1;3;1;1;1;1;1;1;2;42;10;1;NA
NA;NA;NA;NA;NA;NA;NA;NA;NA;52;NA;NA;NA
NA;NA;NA;NA;NA;NA;NA;NA;NA;31;NA;NA;NA
2;1;1;1;1;1;1;1;1;62;2;1;0
NA;NA;NA;NA;NA;NA;NA;NA;NA;52;NA;NA;NA
NA;NA;NA;NA;NA;NA;NA;NA;NA;53;NA;NA;NA
NA;NA;NA;NA;NA;NA;NA;NA;NA;58;NA;NA;NA
NA;NA;NA;NA;NA;NA;NA;NA;NA;37;NA;NA;NA
NA;NA;NA;NA;NA;NA;NA;NA;NA;36;NA;NA;NA
3;3;1;1;1;2;2;1;3;45;6;3;NA
4;3;2;3;4;3;5;3;3;68;15;3;15
NA;NA;NA;NA;NA;NA;NA;NA;NA;67;NA;NA;NA
3;4;4;4;2;2;3;2;2;26;12;3;NA
1;3;2;1;3;1;1;1;3;47;14;3;14
NA;NA;NA;NA;NA;NA;NA;NA;NA;54;NA;NA;NA
3;3;3;4;3;3;4;3;2;48;6;2;NA
1;1;1;1;1;1;1;1;1;47;3;2;6
NA;NA;NA;NA;NA;NA;NA;NA;NA;40;NA;NA;NA
NA;NA;NA;NA;NA;NA;NA;NA;NA;51;NA;NA;NA
NA;NA;NA;NA;NA;NA;NA;NA;NA;45;NA;NA;NA
3;3;3;2;1;1;2;1;1;42;7;1;NA
NA;NA;NA;NA;NA;NA;NA;NA;NA;43;NA;NA;NA
NA;NA;NA;NA;NA;NA;NA;NA;NA;36;NA;NA;NA
NA;NA;NA;NA;NA;NA;NA;NA;NA;38;NA;NA;NA
NA;NA;NA;NA;NA;NA;NA;NA;NA;55;NA;NA;NA
3;3;2;2;2;1;4;1;1;60;5;2;8
4;5;4;5;3;3;3;3;3;36;9;4;NA
3;3;3;2;2;1;2;2;3;41;1;3;18
4;3;2;2;1;3;2;1;3;40;6;2;NA
NA;NA;NA;NA;NA;NA;NA;NA;NA;67;NA;NA;NA
1;3;1;1;1;1;1;1;1;36;4;1;NA
NA;NA;NA;NA;NA;NA;NA;NA;NA;42;NA;NA;NA
4;5;4;5;4;4;4;4;3;44;8;3;NA
4;5;4;5;2;1;3;3;1;34;7;4;17
3;2;1;1;1;1;1;1;1;26;4;2;NA
2;1;1;1;1;1;1;1;1;50;13;2;NA
3;4;4;4;2;1;1;1;5;59;12;4;NA
3;3;3;3;2;3;2;1;2;36;19;3;11
1;1;1;1;1;1;1;1;1;65;2;1;8
4;3;3;4;3;4;4;3;3;30;10;3;NA
2;2;1;2;2;2;2;1;2;32;4;2;NA
3;4;2;4;2;2;3;3;2;27;14;2;NA
NA;NA;NA;NA;NA;NA;NA;NA;NA;41;NA;NA;NA
3;2;5;1;1;1;1;1;3;31;4;2;NA
NA;NA;NA;NA;NA;NA;NA;NA;NA;32;NA;NA;NA
3;3;2;2;2;1;2;2;1;27;6;3;NA
NA;NA;NA;NA;NA;NA;NA;NA;NA;39;NA;NA;NA
NA;NA;NA;NA;NA;NA;NA;NA;NA;26;NA;NA;NA
2;3;3;4;1;1;1;1;2;27;2;1;NA
NA;NA;NA;NA;NA;NA;NA;NA;NA;39;NA;NA;NA
NA;NA;NA;NA;NA;NA;NA;NA;NA;20;NA;NA;NA
1;1;1;1;1;1;4;3;1;53;2;1;21
3;2;3;3;2;2;2;2;2;38;5;2;7
NA;NA;NA;NA;NA;NA;NA;NA;NA;NA;NA;NA;NA
NA;NA;NA;NA;NA;NA;NA;NA;NA;34;NA;NA;NA
NA;NA;NA;NA;NA;NA;NA;NA;NA;60;NA;NA;NA
2;2;2;2;2;1;2;2;1;38;8;2;NA
NA;NA;NA;NA;NA;NA;NA;NA;NA;36;NA;NA;NA
NA;NA;NA;NA;NA;NA;NA;NA;NA;41;NA;NA;NA
2;3;2;2;2;1;3;1;2;29;8;2;NA
1;1;2;1;1;1;1;1;1;46;2;2;NA
NA;NA;NA;NA;NA;NA;NA;NA;NA;39;NA;NA;NA
NA;NA;NA;NA;NA;NA;NA;NA;NA;39;NA;NA;NA
2;5;3;3;3;2;2;2;3;25;5;4;NA
3;3;4;3;3;3;2;2;2;40;8;2;13
3;3;3;2;1;1;2;1;1;53;4;3;7
NA;NA;NA;NA;NA;NA;NA;NA;NA;25;NA;NA;NA
NA;NA;NA;NA;NA;NA;NA;NA;NA;44;NA;NA;NA
NA;NA;NA;NA;NA;NA;NA;NA;NA;37;NA;NA;NA
NA;NA;NA;NA;NA;NA;NA;NA;NA;57;NA;NA;NA
NA;NA;NA;NA;NA;NA;NA;NA;NA;41;NA;NA;NA
NA;NA;NA;NA;NA;NA;NA;NA;NA;18;NA;NA;NA
3;3;3;2;3;2;3;3;2;23;15;2;NA
NA;NA;NA;NA;NA;NA;NA;NA;NA;41;NA;NA;NA
NA;NA;NA;NA;NA;NA;NA;NA;NA;37;NA;NA;NA
NA;NA;NA;NA;NA;NA;NA;NA;NA;37;NA;NA;NA
3;2;2;3;3;1;4;3;1;30;3;1;NA
NA;NA;NA;NA;NA;NA;NA;NA;NA;51;NA;NA;NA
NA;NA;NA;NA;NA;NA;NA;NA;NA;24;NA;NA;NA
3;3;2;1;2;3;2;2;3;38;8;3;NA
1;1;2;1;2;2;2;1;2;45;2;1;8
NA;NA;NA;NA;NA;NA;NA;NA;NA;20;NA;NA;NA
NA;NA;NA;NA;NA;NA;NA;NA;NA;23;NA;NA;NA
NA;NA;NA;NA;NA;NA;NA;NA;NA;36;NA;NA;NA
NA;NA;NA;NA;NA;NA;NA;NA;NA;46;NA;NA;NA
3;3;4;3;4;1;4;4;3;23;5;1;NA
5;3;1;4;5;4;5;5;4;23;24;4;NA
3;4;3;4;2;2;2;2;2;30;10;2;12
NA;NA;NA;NA;NA;NA;NA;NA;NA;34;NA;NA;NA
NA;NA;NA;NA;NA;NA;NA;NA;NA;40;NA;NA;NA
NA;NA;NA;NA;NA;NA;NA;NA;NA;28;NA;NA;NA
3;5;2;4;3;1;1;1;2;23;3;2;NA
1;3;3;3;1;1;3;1;4;35;3;1;4
3;3;3;2;3;1;5;5;2;38;5;1;10
NA;NA;NA;NA;NA;NA;NA;NA;NA;24;NA;NA;NA
1;2;1;1;1;1;1;1;1;35;6;1;NA
5;5;5;5;3;3;3;3;3;33;15;4;NA
NA;NA;NA;NA;NA;NA;NA;NA;NA;20;NA;NA;NA
NA;NA;NA;NA;NA;NA;NA;NA;NA;26;NA;NA;NA
4;4;4;4;4;4;4;4;4;26;15;3;NA
NA;NA;NA;NA;NA;NA;NA;NA;NA;63;NA;NA;NA
NA;NA;NA;NA;NA;NA;NA;NA;NA;32;NA;NA;NA
3;2;2;2;2;2;2;2;2;26;3;1;8
NA;NA;NA;NA;NA;NA;NA;NA;NA;40;NA;NA;NA
2;1;3;2;1;1;1;1;2;34;10;1;7
NA;NA;NA;NA;NA;NA;NA;NA;NA;59;NA;NA;NA
4;3;4;3;4;2;4;4;2;31;8;3;24
NA;NA;NA;NA;NA;NA;NA;NA;NA;27;NA;NA;NA
NA;NA;NA;NA;NA;NA;NA;NA;NA;NA;0;NA;NA
4;3;4;3;2;1;3;2;1;29;14;2;15
1;5;1;1;1;1;2;1;2;68;NA;1;NA
NA;NA;NA;NA;NA;NA;NA;NA;NA;21;NA;NA;NA
2;2;2;2;2;2;2;2;2;42;1;1;8
NA;NA;NA;NA;NA;NA;NA;NA;NA;41;NA;NA;NA
2;2;2;1;2;1;2;1;1;66;3;1;11
NA;NA;NA;NA;NA;NA;NA;NA;NA;22;NA;NA;NA
2;2;2;2;2;2;2;2;2;66;1;2;NA
3;2;3;2;1;1;1;1;1;54;1;1;NA
NA;NA;NA;NA;NA;NA;NA;NA;NA;30;NA;NA;NA
4;2;1;2;1;1;2;1;2;30;12;2;7
NA;NA;NA;NA;NA;NA;NA;NA;NA;63;NA;NA;NA
NA;NA;NA;NA;NA;NA;NA;NA;NA;64;3;NA;2
NA;NA;NA;NA;NA;NA;NA;NA;NA;37;NA;NA;NA
NA;NA;NA;NA;NA;NA;NA;NA;NA;47;NA;NA;NA
4;5;2;5;4;2;5;4;2;48;15;4;17
NA;NA;NA;NA;NA;NA;NA;NA;NA;45;NA;NA;NA
1;3;2;1;1;1;3;1;1;31;4;1;9
2;2;1;3;1;1;2;1;3;45;1;2;NA
3;2;2;2;2;1;1;1;2;26;10;2;NA
1;2;1;1;2;2;3;1;2;65;2;1;17
3;3;2;3;1;1;1;1;1;61;6;1;10
NA;NA;NA;NA;NA;NA;NA;NA;NA;40;NA;NA;NA
NA;NA;NA;NA;NA;NA;NA;NA;NA;22;NA;NA;NA
1;3;1;3;1;2;1;1;2;33;3;3;12
1;2;1;1;1;1;1;1;1;55;2;1;NA
1;1;2;1;2;1;3;1;1;41;2;1;NA
1;2;2;3;1;1;1;1;2;39;4;2;6
5;5;5;5;5;5;5;5;5;89;19;1;30
2;3;3;2;2;1;1;1;1;31;7;3;NA
3;3;3;3;1;1;1;1;1;35;8;3;15
NA;NA;NA;NA;NA;NA;NA;NA;NA;40;NA;NA;NA
4;4;3;3;2;1;2;1;2;26;12;4;16
1;1;1;1;1;1;1;1;2;54;4;1;NA
3;2;3;1;1;1;1;1;2;26;3;2;NA
1;2;1;1;1;1;1;1;2;51;2;1;13
NA;NA;NA;NA;NA;NA;NA;NA;NA;30;NA;NA;NA
1;2;3;2;2;1;1;1;1;60;10;1;12
3;5;4;4;5;3;4;1;4;53;12;4;17
2;2;1;1;1;1;2;1;1;51;5;2;NA
NA;NA;NA;NA;NA;NA;NA;NA;NA;21;NA;NA;NA
1;1;1;1;1;1;1;1;1;71;2;1;6
3;3;4;3;2;3;1;1;3;51;3;3;7
NA;NA;NA;NA;NA;NA;NA;NA;NA;45;NA;NA;NA
1;3;3;3;1;1;1;1;1;37;5;3;7
NA;NA;NA;NA;NA;NA;NA;NA;NA;20;NA;NA;NA
NA;NA;NA;NA;NA;NA;NA;NA;NA;52;NA;NA;NA
NA;NA;NA;NA;NA;NA;NA;NA;NA;48;NA;NA;NA
NA;NA;NA;NA;NA;NA;NA;NA;NA;50;NA;NA;NA
NA;NA;NA;NA;NA;NA;NA;NA;NA;30;NA;NA;NA
NA;NA;NA;NA;NA;NA;NA;NA;NA;33;NA;NA;NA
2;3;3;3;2;2;4;1;2;37;4;2;15
NA;NA;NA;NA;NA;NA;NA;NA;NA;35;NA;NA;NA
2;2;2;3;1;1;1;1;1;35;4;2;0
3;3;1;3;2;2;2;1;2;51;2;2;9
4;4;4;4;3;3;4;2;4;39;5;4;10
NA;NA;NA;NA;NA;NA;NA;NA;NA;26;NA;NA;NA
3;3;3;3;4;2;4;3;3;52;10;2;13
3;2;2;2;1;1;2;1;2;55;2;1;22
NA;NA;NA;NA;NA;NA;NA;NA;NA;27;NA;NA;NA
2;2;2;1;1;1;1;1;1;34;2;2;13
1;2;2;2;2;1;1;1;1;26;8;1;NA
NA;NA;NA;NA;NA;NA;NA;NA;NA;32;NA;NA;NA
2;2;2;2;1;1;1;1;1;61;5;2;NA
3;4;3;3;3;2;2;2;2;40;3;3;NA
NA;NA;NA;NA;NA;NA;NA;NA;NA;23;NA;NA;NA
NA;NA;NA;NA;NA;NA;NA;NA;NA;58;NA;NA;NA
3;4;1;4;4;4;4;4;1;28;3;3;NA
NA;NA;NA;NA;NA;NA;NA;NA;NA;22;NA;NA;NA
NA;NA;NA;NA;NA;NA;NA;NA;NA;23;12;2;NA
3;2;2;2;2;2;2;2;2;39;2;2;NA
1;1;1;1;1;1;1;1;1;67;8;1;NA
4;4;3;3;3;2;2;1;2;39;3;3;10
3;3;2;3;1;1;2;1;2;43;4;2;8
3;2;2;3;2;2;2;2;1;44;3;2;8
NA;NA;NA;NA;NA;NA;NA;NA;NA;44;NA;NA;NA
3;3;1;4;3;3;3;2;3;NA;2;2;NA
NA;NA;NA;NA;NA;NA;NA;NA;NA;36;NA;NA;NA
NA;NA;NA;NA;NA;NA;NA;NA;NA;37;NA;NA;NA
NA;NA;NA;NA;NA;NA;NA;NA;NA;43;NA;NA;NA
4;3;2;2;2;1;2;2;2;33;14;3;12
4;4;4;4;5;3;5;3;2;30;4;1;18
3;2;2;2;1;1;1;2;1;32;2;1;NA
NA;NA;NA;NA;NA;NA;NA;NA;NA;39;NA;NA;NA
3;2;2;2;2;1;5;2;1;38;6;2;NA
NA;NA;NA;NA;NA;NA;NA;NA;NA;41;NA;NA;NA
NA;NA;NA;NA;NA;NA;NA;NA;NA;30;NA;NA;NA
2;5;2;3;3;2;3;3;3;28;6;4;NA
NA;NA;NA;NA;NA;NA;NA;NA;NA;33;NA;NA;NA
1;1;1;2;1;1;1;1;1;58;2;1;NA
3;2;2;2;1;1;1;1;2;45;14;4;NA
3;4;4;3;2;2;1;2;2;60;8;3;9
3;1;2;1;1;1;3;1;1;19;2;1;8
NA;NA;NA;NA;NA;NA;NA;NA;NA;51;NA;NA;NA
NA;NA;NA;NA;NA;NA;NA;NA;NA;55;NA;NA;NA
4;5;3;5;2;NA;NA;NA;NA;20;6;3;NA
3;3;2;3;2;2;3;2;1;28;17;3;12
NA;NA;NA;NA;NA;NA;NA;NA;NA;34;NA;NA;NA
NA;NA;NA;NA;NA;NA;NA;NA;NA;85;NA;NA;NA
3;4;3;4;3;2;3;4;3;41;5;4;NA
4;3;2;2;1;1;3;1;2;37;5;2;NA
3;4;3;3;2;1;5;3;2;35;4;4;NA
NA;NA;NA;NA;NA;NA;NA;NA;NA;52;NA;NA;NA
3;3;2;3;2;1;1;1;2;58;3;3;NA
2;2;2;3;1;1;1;1;1;45;2;2;NA
3;2;2;3;3;2;4;2;1;36;10;4;NA
1;2;1;1;1;1;1;1;1;44;4;1;NA
3;4;3;3;2;1;3;1;2;46;2;3;8
2;2;2;2;2;1;3;1;1;33;3;2;NA
4;4;4;3;3;2;2;3;2;28;4;3;NA
3;3;2;2;1;1;1;1;1;44;4;1;NA
1;3;1;2;1;1;1;1;2;55;3;2;NA
NA;NA;NA;NA;NA;NA;NA;NA;NA;62;NA;NA;NA
NA;NA;NA;NA;NA;NA;NA;NA;NA;50;NA;NA;NA
NA;NA;NA;NA;NA;NA;NA;NA;NA;40;NA;NA;NA
3;5;3;4;2;1;2;1;2;27;8;3;20
4;4;3;3;2;2;4;1;2;36;4;2;NA
NA;NA;NA;NA;NA;NA;NA;NA;NA;19;NA;NA;NA
1;3;2;1;1;1;5;1;1;19;8;1;11
2;2;1;2;1;1;1;1;2;57;4;1;11
2;3;1;3;2;2;3;2;1;37;2;1;9
NA;NA;NA;NA;NA;NA;NA;NA;NA;22;NA;NA;NA
3;3;4;4;2;2;5;3;2;50;2;1;8
4;3;3;2;2;2;2;1;2;54;7;2;NA
3;3;2;2;2;2;3;2;2;27;3;2;6
3;2;2;2;2;2;2;1;1;29;4;2;7
NA;NA;NA;NA;NA;NA;NA;NA;NA;19;NA;NA;NA
2;3;5;3;1;1;1;1;1;66;11;4;NA
2;3;4;1;1;1;2;1;3;20;6;1;7
NA;NA;NA;NA;NA;NA;NA;NA;NA;29;NA;NA;NA
NA;NA;NA;NA;NA;NA;NA;NA;NA;41;8;2;NA
3;2;3;3;2;1;5;1;1;56;3;1;10
NA;NA;NA;NA;NA;NA;NA;NA;NA;52;NA;NA;NA
4;3;3;3;2;3;4;2;2;45;4;2;14
2;2;1;2;2;1;1;1;2;41;3;2;NA
4;3;4;3;3;3;5;4;3;51;7;3;16
2;2;2;2;2;1;2;1;2;55;2;1;10
2;2;3;1;2;1;2;1;1;22;10;2;NA
NA;NA;NA;NA;NA;NA;NA;NA;NA;37;NA;NA;NA
3;4;3;4;3;1;4;2;4;49;5;4;NA
NA;NA;NA;NA;NA;NA;NA;NA;NA;60;NA;NA;NA
1;1;1;3;1;1;1;1;1;49;1;1;9
NA;NA;NA;NA;NA;NA;NA;NA;NA;44;NA;NA;NA
NA;NA;NA;NA;NA;NA;NA;NA;NA;65;NA;NA;NA
1;1;1;1;1;1;2;1;1;72;5;1;NA
NA;NA;NA;NA;NA;NA;NA;NA;NA;32;NA;NA;NA
5;5;5;5;4;2;5;3;5;60;16;4;NA
2;2;2;2;1;1;2;1;1;39;4;1;NA
2;2;3;2;1;1;1;1;2;72;5;2;6
2;2;3;2;2;1;2;1;1;56;8;1;13
4;3;4;3;3;2;4;3;2;22;10;3;NA
NA;NA;NA;NA;NA;NA;NA;NA;NA;25;NA;NA;NA
NA;NA;NA;NA;NA;NA;NA;NA;NA;66;NA;NA;NA
1;2;1;2;1;1;1;1;2;55;3;2;NA
NA;NA;NA;NA;NA;NA;NA;NA;NA;46;NA;NA;NA
2;1;1;1;1;1;1;1;1;31;1;1;7
NA;NA;NA;NA;NA;NA;NA;NA;NA;35;NA;NA;NA
2;3;2;3;1;1;2;1;1;32;2;1;NA
NA;NA;NA;NA;NA;NA;NA;NA;NA;31;NA;NA;NA
4;3;2;3;2;1;5;3;2;58;5;2;8
1;3;2;1;1;1;1;1;2;53;2;2;2
2;2;1;1;1;1;1;1;1;35;3;1;11
2;1;1;1;1;1;2;1;1;36;2;1;7
3;3;2;2;1;1;2;1;2;57;3;2;NA
3;4;3;3;2;1;2;1;1;43;5;3;NA
NA;NA;NA;NA;NA;NA;NA;NA;NA;39;NA;NA;NA
NA;NA;NA;NA;NA;NA;NA;NA;NA;37;NA;NA;NA
3;3;2;3;1;2;2;1;1;50;3;2;9
NA;NA;NA;NA;NA;NA;NA;NA;NA;47;NA;NA;NA
3;3;3;3;3;3;3;2;3;44;2;2;NA
NA;NA;NA;NA;NA;NA;NA;NA;NA;55;NA;NA;NA
NA;NA;NA;NA;NA;NA;NA;NA;NA;70;NA;NA;NA
4;4;4;4;3;3;4;4;4;35;7;3;20
4;4;4;5;2;2;2;1;2;30;3;4;13
NA;NA;NA;NA;NA;NA;NA;NA;NA;52;NA;NA;NA
4;2;1;2;1;2;4;1;2;61;3;1;8
1;1;1;1;1;1;1;1;1;51;1;1;NA
3;3;2;1;2;1;2;1;1;21;5;2;NA
1;1;2;2;2;1;1;1;1;59;5;1;NA
NA;NA;NA;NA;NA;NA;NA;NA;NA;19;NA;NA;NA
3;4;4;4;1;5;3;1;4;39;5;3;17
NA;NA;NA;NA;NA;NA;NA;NA;NA;52;NA;NA;NA
2;3;2;3;2;1;3;2;1;37;6;2;NA
NA;NA;NA;NA;NA;NA;NA;NA;NA;38;NA;NA;NA
NA;NA;NA;NA;NA;NA;NA;NA;NA;25;NA;NA;NA
NA;NA;NA;NA;NA;NA;NA;NA;NA;49;NA;NA;NA
3;3;3;3;1;1;2;1;1;25;7;2;NA
NA;NA;NA;NA;NA;NA;NA;NA;NA;NA;NA;NA;NA
1;1;3;2;1;1;3;3;1;33;1;1;16
3;2;2;2;1;1;2;2;1;24;7;2;14
NA;NA;NA;NA;NA;NA;NA;NA;NA;32;NA;NA;NA
NA;NA;NA;NA;NA;NA;NA;NA;NA;58;NA;NA;NA
2;2;1;2;1;1;2;1;1;45;8;2;9
NA;NA;NA;NA;NA;NA;NA;NA;NA;25;NA;NA;NA
3;3;3;3;2;1;2;1;3;38;13;2;NA
4;4;4;5;2;2;2;1;1;30;15;4;18
NA;NA;NA;NA;NA;NA;NA;NA;NA;52;NA;NA;NA
1;3;1;1;1;1;1;1;1;60;12;3;8
NA;NA;NA;NA;NA;NA;NA;NA;NA;52;NA;NA;NA
NA;NA;NA;NA;NA;NA;NA;NA;NA;73;NA;NA;NA
NA;NA;NA;NA;NA;NA;NA;NA;NA;52;NA;NA;NA
2;3;4;3;3;1;5;1;3;46;5;1;20
3;3;3;3;1;1;2;1;1;42;11;1;NA
2;5;2;4;2;1;2;2;3;22;6;4;NA
3;3;3;3;3;2;2;1;3;58;2;2;NA
NA;NA;NA;NA;NA;NA;NA;NA;NA;26;NA;NA;NA
2;2;2;1;1;1;1;1;1;47;2;1;7
NA;NA;NA;NA;NA;NA;NA;NA;NA;55;NA;NA;NA
NA;NA;NA;NA;NA;NA;NA;NA;NA;65;NA;NA;NA
NA;NA;NA;NA;NA;NA;NA;NA;NA;40;NA;NA;NA
NA;NA;NA;NA;NA;NA;NA;NA;NA;24;NA;NA;NA
4;4;4;4;3;1;3;2;1;20;10;4;NA
4;4;4;4;3;3;3;3;4;49;5;4;8
2;3;1;2;1;1;1;1;1;31;3;2;12
1;1;1;1;1;1;2;1;2;62;5;1;7
NA;NA;NA;NA;NA;NA;NA;NA;NA;35;NA;NA;NA
NA;NA;NA;NA;NA;NA;NA;NA;NA;55;NA;NA;NA
1;2;1;1;1;1;2;1;2;69;5;1;12
4;4;3;2;2;2;2;2;2;36;8;2;19
2;4;3;4;2;2;3;2;4;36;15;4;NA
NA;NA;NA;NA;NA;NA;NA;NA;NA;42;NA;NA;NA
1;2;1;1;1;1;2;1;1;67;3;1;0
4;3;2;2;1;1;2;2;3;29;13;3;9
5;5;2;4;2;1;1;1;1;27;7;3;8
3;3;2;3;2;3;2;3;4;40;7;3;NA
1;5;1;2;1;1;2;1;2;36;1;3;8
4;4;3;3;2;2;1;2;3;35;6;3;12
NA;NA;NA;NA;NA;NA;NA;NA;NA;41;NA;NA;NA
4;4;4;4;2;1;3;1;1;28;5;1;6
2;2;2;2;1;1;1;1;1;69;3;1;10
2;2;2;2;1;1;1;1;1;39;6;1;9
NA;NA;NA;NA;NA;NA;NA;NA;NA;35;NA;NA;NA
3;3;2;2;2;2;2;1;1;44;3;2;NA
2;2;2;2;3;1;2;1;2;63;1;2;NA
NA;NA;NA;NA;NA;NA;NA;NA;NA;45;NA;NA;NA
3;3;2;3;2;1;1;1;2;31;1;1;12
NA;NA;NA;NA;NA;NA;NA;NA;NA;47;NA;NA;NA
4;3;3;3;3;1;4;3;1;20;6;2;14
2;2;2;1;1;1;1;1;1;41;4;2;4
NA;NA;NA;NA;NA;NA;NA;NA;NA;NA;NA;NA;NA
4;4;2;2;2;1;1;1;2;22;12;3;13
4;5;3;4;5;3;4;2;1;24;8;1;NA
2;3;1;3;1;2;3;1;2;43;6;1;NA
1;1;1;1;2;1;2;1;1;32;4;3;NA
NA;NA;NA;NA;NA;NA;NA;NA;NA;39;NA;NA;NA
3;2;2;1;4;1;5;2;1;23;14;2;5
3;4;3;2;1;2;2;2;2;27;10;1;12
2;1;2;1;2;1;3;3;1;53;10;2;15
NA;NA;NA;NA;NA;NA;NA;NA;NA;37;NA;NA;NA
2;3;2;3;1;1;3;1;1;28;3;2;7
NA;NA;NA;NA;NA;NA;NA;NA;NA;30;NA;NA;NA
4;3;3;2;3;2;2;2;1;33;3;2;11
2;4;3;4;1;2;3;1;1;25;2;3;24
3;4;4;4;2;1;2;2;1;21;2;2;NA
NA;NA;NA;NA;NA;NA;NA;NA;NA;39;NA;NA;NA
NA;NA;NA;NA;NA;NA;NA;NA;NA;75;NA;NA;NA
NA;NA;NA;NA;NA;NA;NA;NA;NA;24;NA;NA;NA
3;4;3;3;2;2;3;1;1;22;6;4;17
4;4;1;3;2;1;3;3;1;35;6;3;14
4;5;3;4;4;3;3;4;2;30;7;3;NA
4;3;3;3;2;3;4;2;2;28;6;3;NA
NA;NA;NA;NA;NA;NA;NA;NA;NA;18;NA;NA;NA
2;3;1;2;2;1;1;1;2;57;2;1;NA
NA;NA;NA;NA;NA;NA;NA;NA;NA;31;NA;NA;NA
NA;NA;NA;NA;NA;NA;NA;NA;NA;53;NA;NA;NA
2;2;2;3;1;1;1;1;2;42;2;2;9
3;4;4;3;1;1;1;1;1;22;6;3;NA
2;1;3;2;3;1;2;2;1;NA;10;1;9
NA;NA;NA;NA;NA;NA;NA;NA;NA;52;NA;NA;NA
2;1;1;1;1;1;2;1;1;37;4;2;NA
NA;NA;NA;NA;NA;NA;NA;NA;NA;19;NA;NA;NA
3;4;3;4;4;4;4;4;3;25;5;3;NA
4;2;2;1;1;1;1;1;1;40;6;3;7
3;3;3;3;2;1;4;3;1;60;5;2;19
3;4;3;4;4;2;4;4;2;24;14;4;NA
3;3;3;3;2;2;3;2;2;61;4;3;NA
2;2;1;1;1;1;1;1;1;63;1;1;6
NA;NA;NA;NA;NA;NA;NA;NA;NA;54;NA;NA;NA
4;4;3;4;3;4;3;4;4;27;5;3;NA
2;2;3;3;3;2;2;1;2;30;5;2;NA
3;3;3;2;3;1;2;1;3;55;5;3;4
NA;NA;NA;NA;NA;NA;NA;NA;NA;21;NA;NA;NA
3;3;2;3;1;1;2;1;3;28;3;2;12
4;3;4;3;3;2;3;2;2;40;7;2;16
1;1;1;1;1;1;1;1;1;49;1;1;NA
NA;NA;NA;NA;NA;NA;NA;NA;NA;51;NA;NA;NA
4;4;4;4;3;2;4;3;3;27;6;3;NA
NA;NA;NA;NA;NA;NA;NA;NA;NA;51;NA;NA;NA
2;2;2;2;1;1;2;1;2;40;2;1;NA
NA;NA;NA;NA;NA;NA;NA;NA;NA;52;NA;NA;NA
NA;NA;NA;NA;NA;NA;NA;NA;NA;50;NA;NA;NA
3;4;4;4;4;1;1;1;1;26;15;3;NA
3;3;3;2;1;3;1;1;2;45;10;3;NA
NA;NA;NA;NA;NA;NA;NA;NA;NA;38;NA;NA;NA
3;4;4;4;2;3;2;2;4;22;9;3;NA
NA;NA;NA;NA;NA;NA;NA;NA;NA;52;NA;NA;NA
4;3;1;2;NA;5;4;2;1;43;4;3;NA
2;4;3;5;3;2;3;3;1;24;3;3;17
3;3;2;3;2;2;4;1;2;37;6;3;NA
3;3;3;2;NA;1;1;1;1;34;6;1;NA
NA;NA;NA;NA;NA;NA;NA;NA;NA;42;NA;NA;NA
2;4;4;4;2;3;3;3;3;37;8;3;14
1;2;1;2;2;2;2;2;2;41;1;2;11
NA;NA;NA;NA;NA;NA;NA;NA;NA;42;NA;NA;NA
2;4;3;4;1;1;2;1;1;55;1;1;14
3;5;4;5;1;3;1;1;3;41;12;4;NA
1;2;2;1;1;1;1;1;1;41;3;1;NA
NA;NA;NA;NA;NA;NA;NA;NA;NA;32;NA;NA;NA
2;2;2;1;1;1;1;1;1;41;3;1;7
4;5;3;5;1;1;3;1;3;35;7;3;20
NA;NA;NA;NA;NA;NA;NA;NA;NA;36;NA;NA;NA
NA;NA;NA;NA;NA;NA;NA;NA;NA;37;NA;NA;NA
1;1;1;NA;1;1;3;1;1;45;3;1;0
NA;NA;NA;NA;NA;NA;NA;NA;NA;29;NA;NA;NA
2;4;1;3;2;3;4;1;2;41;12;4;NA
NA;NA;NA;NA;NA;NA;NA;NA;NA;18;NA;NA;NA
4;5;5;5;3;3;2;2;3;36;8;4;19
3;5;4;5;2;3;5;4;3;25;5;4;17
1;1;1;1;1;1;1;1;1;35;6;2;10
NA;NA;NA;NA;NA;NA;NA;NA;NA;59;NA;NA;NA
3;3;4;3;2;1;2;2;3;32;8;3;NA
2;1;2;1;1;1;2;1;1;49;2;1;8
2;1;1;1;1;1;1;1;1;62;2;1;9
4;4;4;4;1;2;3;3;2;32;4;3;7
NA;NA;NA;NA;NA;NA;NA;NA;NA;32;NA;NA;NA
2;2;2;1;1;1;1;1;1;26;3;1;NA
3;4;1;3;1;1;1;1;2;27;5;4;7
2;3;3;3;2;1;1;1;3;18;10;3;NA
3;4;3;4;2;4;3;3;2;21;15;4;NA
NA;NA;NA;NA;NA;NA;NA;NA;NA;18;NA;NA;NA
3;3;2;2;2;2;4;3;2;29;9;3;NA
NA;NA;NA;NA;NA;NA;NA;NA;NA;25;NA;NA;NA
NA;NA;NA;NA;NA;NA;NA;NA;NA;21;NA;NA;NA
4;5;4;5;3;4;3;3;4;25;12;4;22
2;3;3;3;1;1;1;1;2;30;6;4;NA
NA;NA;NA;NA;NA;NA;NA;NA;NA;18;NA;NA;NA
3;3;NA;3;3;3;2;3;3;21;10;3;NA
NA;NA;NA;NA;NA;NA;NA;NA;NA;22;NA;NA;NA
2;1;2;2;2;1;1;1;2;41;1;1;NA
4;4;3;4;2;1;2;2;3;22;12;3;NA
NA;NA;NA;NA;NA;NA;NA;NA;NA;23;NA;NA;NA
3;3;2;2;2;2;2;2;2;35;8;2;9
NA;NA;NA;NA;NA;NA;NA;NA;NA;22;NA;NA;NA
3;3;3;2;4;2;5;5;3;19;18;4;21
NA;NA;NA;NA;NA;NA;NA;NA;NA;23;NA;NA;NA
NA;NA;NA;NA;NA;NA;NA;NA;NA;23;NA;NA;NA
NA;NA;NA;NA;NA;NA;NA;NA;NA;27;NA;NA;NA
NA;NA;NA;NA;NA;NA;NA;NA;NA;19;NA;NA;NA
NA;NA;NA;NA;NA;NA;NA;NA;NA;37;NA;NA;NA
3;4;4;4;4;3;2;2;3;35;3;4;NA
NA;NA;NA;NA;NA;NA;NA;NA;NA;38;NA;NA;NA
NA;NA;NA;NA;NA;NA;NA;NA;NA;44;NA;NA;NA
2;2;2;2;2;2;2;2;1;37;2;1;NA
5;4;2;3;1;1;2;1;1;35;8;4;10
3;3;2;2;3;1;3;2;2;25;6;1;NA
NA;NA;NA;NA;NA;NA;NA;NA;NA;38;NA;NA;NA
NA;NA;NA;NA;NA;NA;NA;NA;NA;40;NA;NA;NA
1;4;1;3;2;1;4;2;1;22;6;2;NA
NA;NA;NA;NA;NA;NA;NA;NA;NA;22;NA;NA;NA
NA;NA;NA;NA;NA;NA;NA;NA;NA;24;NA;NA;NA
2;3;1;2;2;1;1;2;1;41;7;3;NA
4;3;3;2;2;1;2;3;1;40;6;3;NA
3;4;3;5;2;1;3;2;1;23;5;3;NA
NA;NA;NA;NA;NA;NA;NA;NA;NA;21;NA;NA;NA
NA;NA;NA;NA;NA;NA;NA;NA;NA;23;NA;NA;NA
3;3;4;2;3;2;3;2;2;33;3;2;16
3;4;3;4;2;2;1;1;2;23;6;3;NA
2;3;1;1;1;1;2;2;2;20;5;1;NA
3;3;2;3;2;1;2;2;1;47;8;2;7
3;5;4;4;1;1;1;1;1;21;4;2;NA
3;3;2;3;2;1;2;2;3;37;5;3;NA
2;3;2;2;1;1;2;1;1;36;7;2;12
4;5;4;5;2;2;2;1;2;22;7;3;15
3;4;5;1;3;3;3;1;3;22;12;4;NA
NA;NA;NA;NA;NA;NA;NA;NA;NA;33;NA;NA;NA
NA;NA;NA;NA;NA;NA;NA;NA;NA;18;NA;NA;NA
NA;NA;NA;NA;NA;NA;NA;NA;NA;22;NA;NA;NA
1;3;3;3;2;1;2;1;3;50;4;1;NA
NA;NA;NA;NA;NA;NA;NA;NA;NA;26;NA;NA;NA
NA;NA;NA;NA;NA;NA;NA;NA;NA;55;NA;NA;NA
2;2;1;1;1;1;2;1;1;54;6;2;9
NA;NA;NA;NA;NA;NA;NA;NA;NA;42;NA;NA;NA
1;1;2;1;1;1;1;1;1;38;4;1;NA
NA;NA;NA;NA;NA;NA;NA;NA;NA;41;NA;NA;NA
2;2;1;1;1;1;1;1;2;43;6;1;NA
NA;NA;NA;NA;NA;NA;NA;NA;NA;40;NA;NA;NA
2;1;1;1;1;1;3;1;2;64;1;1;NA
NA;NA;NA;NA;NA;NA;NA;NA;NA;23;NA;NA;NA
NA;NA;NA;NA;NA;NA;NA;NA;NA;35;NA;NA;NA
NA;NA;NA;NA;NA;NA;NA;NA;NA;30;NA;NA;NA
2;2;2;2;1;1;1;1;1;38;1;1;NA
3;3;2;2;1;1;1;1;1;27;7;2;NA
1;1;1;1;1;1;1;1;1;68;1;1;13
3;3;2;3;2;2;3;2;2;21;6;3;13
NA;NA;NA;NA;NA;NA;NA;NA;NA;51;NA;NA;NA
4;4;5;3;3;1;3;2;2;20;4;2;NA
NA;NA;NA;NA;NA;NA;NA;NA;NA;21;NA;NA;NA
2;2;2;3;3;3;3;3;1;38;12;2;19
3;2;2;3;1;1;1;1;1;54;8;2;NA
2;2;2;2;1;1;1;1;2;59;3;1;9
NA;NA;NA;NA;NA;NA;NA;NA;NA;49;NA;NA;NA
2;2;2;2;2;1;1;1;2;62;2;2;13
1;1;2;1;2;1;3;2;1;63;1;2;11
1;3;1;3;1;1;1;1;1;39;10;3;13
NA;NA;NA;NA;NA;NA;NA;NA;NA;NA;NA;NA;15
NA;NA;NA;NA;NA;NA;NA;NA;NA;30;NA;NA;NA
3;2;3;2;2;1;1;2;2;30;10;1;NA
3;3;2;3;2;2;2;2;3;61;8;2;NA
2;2;1;2;2;1;1;1;1;23;8;2;3
2;2;2;2;2;1;2;1;1;50;5;1;NA
2;3;1;3;2;1;2;1;1;32;3;2;5
1;3;2;3;2;1;2;1;1;46;4;2;6
1;1;2;1;1;1;2;2;1;42;2;1;NA
4;4;4;3;2;3;3;2;3;30;8;3;NA
2;4;2;4;3;2;3;1;2;31;5;3;NA
NA;NA;NA;NA;NA;NA;NA;NA;NA;34;NA;NA;NA
2;3;1;1;1;1;1;1;1;42;5;1;7
NA;NA;NA;NA;NA;NA;NA;NA;NA;24;NA;NA;NA
1;2;1;1;1;1;2;1;1;34;13;1;5
NA;NA;NA;NA;NA;NA;NA;NA;NA;36;NA;NA;NA
3;5;3;4;2;2;2;2;2;23;7;4;NA
NA;NA;NA;NA;NA;NA;NA;NA;NA;33;NA;NA;NA
3;3;4;3;2;1;2;1;3;23;8;3;NA
NA;NA;NA;NA;NA;NA;NA;NA;NA;32;NA;NA;NA
NA;NA;NA;NA;NA;NA;NA;NA;NA;68;5;2;NA
1;3;2;2;1;1;1;1;2;20;23;3;NA
2;4;1;3;3;1;2;1;1;27;3;3;8
1;3;3;2;1;1;1;1;1;36;1;1;NA
3;2;3;2;4;3;4;2;1;26;2;3;19
2;3;1;2;1;2;1;1;1;43;9;3;NA
NA;NA;NA;NA;NA;NA;NA;NA;NA;21;NA;NA;NA
3;4;4;5;4;4;4;4;4;43;7;4;9
NA;NA;NA;NA;NA;NA;NA;NA;NA;24;NA;NA;NA
1;1;1;1;1;1;1;1;1;50;4;2;NA
NA;NA;NA;NA;NA;NA;NA;NA;NA;34;NA;NA;NA
1;1;3;2;1;1;1;1;1;41;4;1;NA
3;3;2;2;2;1;3;2;2;30;5;2;NA
NA;NA;NA;NA;NA;NA;NA;NA;NA;29;NA;NA;NA
NA;NA;NA;NA;NA;NA;NA;NA;NA;23;NA;NA;NA
4;3;3;3;3;2;3;3;2;21;8;4;NA
1;1;1;1;1;1;1;1;1;44;9;1;NA
NA;NA;NA;NA;NA;NA;NA;NA;NA;41;NA;NA;NA
NA;NA;NA;NA;NA;NA;NA;NA;NA;46;NA;NA;NA
NA;NA;NA;NA;NA;NA;NA;NA;NA;21;NA;NA;NA
2;3;3;3;3;1;4;3;2;28;5;2;NA
4;3;2;4;3;2;3;3;3;30;11;3;NA
NA;NA;NA;NA;NA;NA;NA;NA;NA;19;NA;NA;NA
NA;NA;NA;NA;NA;NA;NA;NA;NA;20;NA;NA;NA
NA;NA;NA;NA;NA;NA;NA;NA;NA;31;NA;NA;NA
1;1;1;1;1;1;1;1;1;65;3;2;9
NA;NA;NA;NA;NA;NA;NA;NA;NA;36;NA;NA;NA
NA;NA;NA;NA;NA;NA;NA;NA;NA;23;NA;NA;NA
NA;NA;NA;NA;NA;NA;NA;NA;NA;24;NA;NA;NA
NA;NA;NA;NA;NA;NA;NA;NA;NA;28;NA;NA;NA
NA;NA;NA;NA;NA;NA;NA;NA;NA;32;NA;NA;NA
NA;NA;NA;NA;NA;NA;NA;NA;NA;47;NA;NA;NA
2;2;1;2;1;2;2;2;2;42;12;2;7
NA;NA;NA;NA;NA;NA;NA;NA;NA;20;NA;NA;NA
3;4;4;4;4;4;4;3;3;46;4;3;15
3;2;1;1;1;1;1;1;2;45;4;2;8
2;2;1;2;2;1;3;3;2;21;5;3;21
3;3;2;2;3;2;3;2;2;30;2;1;NA
3;3;2;2;3;2;3;2;1;33;3;2;NA
NA;NA;NA;NA;NA;NA;NA;NA;NA;33;NA;NA;NA
NA;NA;NA;NA;NA;NA;NA;NA;NA;30;NA;NA;NA
1;3;2;4;1;1;2;1;2;21;5;3;NA
5;5;5;5;5;3;5;5;4;21;10;4;NA
NA;NA;NA;NA;NA;NA;NA;NA;NA;39;NA;NA;NA
3;5;3;5;3;1;3;3;1;22;5;2;NA
NA;NA;NA;NA;NA;NA;NA;NA;1;45;NA;NA;NA
2;1;2;1;1;1;1;1;1;29;3;1;7
1;1;1;1;1;1;1;1;1;63;1;1;4
NA;NA;NA;NA;NA;NA;NA;NA;NA;21;NA;NA;NA
3;1;3;1;1;1;1;1;1;25;10;1;NA
NA;NA;NA;NA;NA;NA;NA;NA;NA;55;NA;NA;NA
2;3;1;3;1;1;1;1;1;43;6;2;NA
1;2;1;1;1;1;1;1;1;25;7;1;NA
1;2;1;1;1;1;1;NA;1;54;3;2;NA
3;3;3;3;2;2;2;1;2;44;7;2;23
4;NA;3;2;3;1;5;3;4;18;6;4;6
NA;NA;NA;NA;NA;NA;NA;NA;NA;60;NA;NA;NA
2;2;3;1;1;2;1;1;1;49;8;1;13
4;5;1;5;2;1;1;1;2;21;2;3;15
4;4;4;4;2;1;2;1;2;32;10;3;NA
3;2;2;2;2;3;3;2;3;29;18;3;NA
3;2;2;2;2;2;2;2;2;18;7;3;NA
NA;NA;NA;NA;NA;NA;NA;NA;NA;28;NA;NA;NA
NA;NA;NA;NA;NA;NA;NA;NA;NA;43;NA;NA;NA
NA;NA;NA;NA;NA;NA;NA;NA;NA;23;NA;NA;NA
NA;NA;NA;NA;NA;NA;NA;NA;NA;46;NA;NA;NA
1;2;1;1;1;2;1;1;2;39;8;1;6
NA;NA;NA;NA;NA;NA;NA;NA;NA;54;NA;NA;NA
NA;NA;NA;NA;NA;NA;NA;NA;NA;22;NA;NA;NA
4;4;2;4;3;3;5;3;2;27;2;2;18
3;2;2;1;1;1;3;1;1;20;4;1;17
3;3;2;2;4;4;3;5;2;63;3;2;8
2;3;2;1;1;1;1;1;3;49;4;3;NA
NA;NA;NA;NA;NA;NA;NA;NA;NA;37;NA;NA;NA
2;2;2;2;2;1;2;1;1;40;3;1;NA
4;5;3;5;2;2;1;2;1;25;10;4;NA
3;3;3;3;2;2;2;2;2;31;10;3;NA
3;3;4;3;4;1;5;3;1;18;10;2;NA
NA;NA;NA;NA;NA;NA;NA;NA;NA;18;NA;NA;NA
3;2;2;2;2;2;2;3;2;19;11;4;NA
3;NA;3;2;2;1;NA;2;1;18;10;3;14
3;3;3;3;3;3;3;3;3;18;5;3;NA
3;1;4;1;1;1;3;3;1;18;10;1;NA
3;1;2;2;1;1;2;2;1;18;5;3;NA
1;1;4;1;1;1;5;1;1;18;15;1;NA
NA;NA;NA;NA;NA;NA;NA;NA;NA;19;NA;NA;NA
3;2;1;2;1;2;1;2;4;18;18;3;NA
5;1;4;1;4;1;5;1;4;NA;24;2;NA
4;5;5;3;5;2;5;4;2;22;10;4;NA
NA;NA;NA;NA;NA;NA;NA;NA;NA;19;NA;NA;NA
NA;NA;NA;NA;NA;NA;NA;NA;NA;30;NA;NA;NA
2;3;1;2;3;3;4;4;4;18;4;3;NA
2;2;2;1;2;1;2;2;1;22;4;1;18
4;4;5;5;5;2;5;5;1;22;7;3;NA
NA;NA;NA;NA;NA;NA;NA;NA;NA;NA;NA;NA;NA
4;3;4;4;4;2;4;4;3;19;12;3;14
NA;NA;NA;NA;NA;NA;NA;NA;NA;23;NA;NA;NA
4;NA;NA;NA;4;4;4;4;2;31;15;4;NA
1;3;2;3;1;2;1;1;1;23;5;2;11
3;5;3;5;3;2;3;2;5;22;7;3;11
3;3;3;3;3;NA;3;1;1;32;5;3;10
2;1;3;2;1;1;1;1;1;48;5;3;NA
4;5;5;5;5;4;5;5;2;20;5;3;25
NA;NA;NA;NA;NA;NA;NA;NA;NA;NA;NA;NA;NA
3;3;3;3;2;1;2;2;1;23;3;2;20
4;4;5;5;4;1;5;5;3;24;17;3;NA
1;2;1;1;1;1;1;1;1;21;3;1;NA
NA;NA;NA;NA;NA;NA;NA;NA;NA;24;NA;NA;NA
NA;NA;NA;NA;NA;NA;NA;NA;NA;28;NA;NA;NA
2;2;2;2;1;1;1;1;1;57;8;1;NA
3;3;2;3;2;2;2;1;2;37;3;2;9
5;3;5;2;4;2;4;4;4;26;9;3;9
NA;NA;NA;NA;NA;NA;NA;NA;NA;18;NA;NA;NA
NA;NA;NA;NA;NA;NA;NA;NA;NA;20;NA;NA;NA
3;3;3;3;3;3;3;3;3;31;14;3;NA
3;3;3;3;3;3;4;3;2;21;4;3;NA
NA;NA;NA;NA;NA;NA;NA;NA;NA;47;NA;NA;NA
3;3;3;2;3;2;3;3;3;30;8;2;10
1;1;1;1;1;1;1;1;1;56;3;1;21
NA;NA;NA;NA;NA;NA;NA;NA;NA;24;NA;NA;NA
NA;NA;NA;NA;NA;NA;NA;NA;NA;21;NA;NA;NA
2;1;2;1;1;1;2;1;1;19;3;2;20
2;3;3;3;2;1;2;2;1;20;9;1;12
3;1;2;1;2;1;4;4;2;26;16;2;18
NA;NA;NA;NA;NA;NA;NA;NA;NA;26;NA;NA;NA
3;5;4;4;4;3;1;1;3;24;6;4;19
NA;NA;NA;NA;NA;NA;NA;NA;NA;25;NA;NA;NA
5;4;5;5;3;3;3;4;5;19;7;3;NA
2;2;2;2;1;1;1;1;1;20;12;2;10
NA;NA;NA;NA;NA;NA;NA;NA;NA;37;NA;NA;NA
NA;NA;NA;NA;NA;NA;NA;NA;NA;24;NA;NA;NA
NA;NA;NA;NA;NA;NA;NA;NA;NA;22;NA;NA;NA
NA;NA;NA;NA;NA;NA;NA;NA;NA;19;NA;NA;NA
NA;NA;NA;NA;NA;NA;NA;NA;NA;20;NA;NA;NA
1;5;3;5;1;3;1;1;3;26;4;3;NA
1;1;1;1;1;1;1;1;1;40;12;1;NA
2;2;2;2;2;1;3;3;2;18;17;1;NA
3;3;5;3;1;1;4;3;3;19;10;1;NA
3;3;3;3;3;3;3;3;3;NA;14;3;0
3;3;2;3;2;3;2;3;3;18;15;1;NA
4;4;2;1;2;1;1;1;5;18;16;4;NA
3;1;5;5;5;1;4;4;2;18;22;3;12
NA;NA;NA;NA;NA;NA;NA;NA;NA;35;NA;NA;NA
1;2;3;4;3;2;3;2;3;18;10;2;0
1;1;1;1;1;1;1;1;1;36;8;2;15
3;4;2;2;1;2;2;1;2;23;10;3;NA
1;1;1;1;1;1;1;1;1;35;24;1;0
3;2;3;1;1;1;2;1;1;32;6;2;20
2;3;3;3;2;2;3;2;2;43;6;2;5
NA;NA;NA;NA;NA;NA;NA;NA;NA;31;NA;NA;NA
NA;NA;NA;NA;NA;NA;NA;NA;NA;36;NA;NA;NA
3;5;3;5;3;2;3;2;2;19;12;4;18
3;4;4;2;3;3;3;3;3;30;11;3;NA
NA;NA;NA;NA;NA;NA;NA;NA;NA;27;NA;NA;NA
NA;NA;NA;NA;NA;NA;NA;NA;NA;21;NA;NA;NA
NA;NA;NA;NA;NA;NA;NA;NA;NA;24;NA;NA;NA
2;2;2;3;3;1;3;2;2;33;4;1;NA
4;5;2;5;4;2;2;4;3;21;7;3;21
3;3;4;3;2;1;3;1;1;22;12;4;NA
NA;NA;NA;NA;NA;NA;NA;NA;NA;27;NA;NA;NA
NA;NA;NA;NA;NA;NA;NA;NA;NA;30;NA;NA;NA
2;3;1;2;2;1;1;1;1;35;14;3;10
3;3;3;2;2;1;2;1;2;19;8;2;24
5;3;3;1;4;1;5;3;1;20;24;2;NA
2;2;3;2;2;1;3;2;2;24;8;1;NA
NA;NA;NA;NA;NA;NA;NA;NA;NA;21;NA;NA;NA
NA;NA;NA;NA;NA;NA;NA;NA;NA;43;NA;NA;NA
NA;NA;NA;NA;NA;NA;NA;NA;NA;23;NA;NA;NA
NA;NA;NA;NA;NA;NA;NA;NA;NA;23;NA;NA;NA
3;5;2;3;1;1;2;1;1;19;8;3;12
2;2;2;2;2;2;2;2;2;19;10;1;NA
NA;NA;NA;NA;NA;NA;NA;NA;NA;23;NA;NA;NA
2;3;1;1;2;1;4;3;2;28;8;2;11
NA;NA;NA;NA;NA;NA;NA;NA;NA;20;NA;NA;NA
2;3;4;2;1;1;1;2;1;19;8;2;NA
NA;NA;NA;NA;NA;NA;NA;NA;NA;29;NA;NA;NA
3;3;2;3;1;1;1;1;1;35;6;3;5
1;1;1;1;1;1;1;1;1;28;17;1;3
NA;NA;NA;NA;NA;NA;NA;NA;NA;31;NA;NA;NA
3;4;4;4;2;1;2;2;1;20;4;4;22
NA;NA;NA;NA;NA;NA;NA;NA;NA;37;NA;NA;NA
1;2;1;1;1;1;1;1;1;43;10;1;NA
3;4;2;4;2;1;3;2;4;25;12;3;8
2;3;3;3;2;1;1;1;1;29;15;NA;NA
2;3;2;3;1;NA;2;2;2;21;1;2;NA
2;2;4;3;1;1;2;1;2;37;5;2;NA
3;5;4;5;1;1;5;5;1;36;5;2;NA
4;3;2;3;2;2;1;2;2;25;7;3;NA
3;5;5;5;3;3;3;2;1;18;13;4;NA
5;5;3;5;3;2;2;4;4;21;4;4;14
3;3;2;3;1;1;2;1;2;39;9;2;NA
3;4;2;5;1;1;2;1;1;26;3;3;NA
4;4;3;3;2;3;3;2;2;40;5;3;NA
4;4;4;3;5;4;5;3;3;23;4;4;15
2;2;3;4;3;3;2;2;1;31;5;2;4
3;2;2;1;1;1;1;1;1;61;5;1;18
NA;NA;NA;NA;NA;NA;NA;NA;NA;36;NA;NA;NA
4;5;4;4;2;4;3;2;2;26;5;4;NA
NA;NA;NA;NA;NA;NA;NA;NA;NA;33;NA;NA;NA
1;1;2;1;1;1;1;1;1;43;12;1;NA
NA;NA;NA;NA;NA;NA;NA;NA;NA;21;NA;NA;NA
2;1;3;1;1;1;1;1;2;42;24;1;NA
2;3;3;2;3;1;4;3;2;58;7;1;NA
2;2;3;2;1;1;1;1;3;55;6;2;NA
NA;NA;NA;NA;NA;NA;NA;NA;NA;42;NA;NA;NA
3;3;2;2;2;2;2;2;3;55;8;2;15
NA;NA;NA;NA;NA;NA;NA;NA;NA;30;NA;NA;NA
2;3;2;2;2;1;2;2;2;37;6;3;7
NA;NA;NA;NA;NA;NA;NA;NA;NA;27;NA;NA;NA
NA;NA;NA;NA;NA;NA;NA;NA;NA;38;NA;NA;NA
NA;NA;NA;NA;NA;NA;NA;NA;NA;44;NA;NA;NA
1;2;2;2;1;1;2;2;2;48;0;1;NA
3;3;4;3;3;3;5;3;2;52;16;NA;NA
2;2;2;4;4;1;1;1;2;44;1;1;NA
NA;NA;NA;NA;NA;NA;NA;NA;NA;NA;NA;NA;NA
NA;NA;NA;NA;NA;NA;NA;NA;NA;51;NA;NA;NA
NA;NA;NA;NA;NA;NA;NA;NA;NA;61;NA;NA;NA
